chr17	13812739	13812680	2.3039126
chr17	8760421	8760480	2.3913348
chr17	44503584	44503525	2.0151665
chr12	110983302	110983243	2.7099345
chr2	128217604	128217545	5.038758
chr17	71224133	71224192	2.3658962
chr8	122789197	122789138	2.2939339
chr6	100517199	100517140	2.901734
chr6	121038012	121037953	2.9011755
chr18	54122702	54122761	2.2560575
chr17	66831861	66831920	2.3124216
chr6	86798983	86799042	2.1939375
chr18	75523653	75523712	5.6731076
chr2	77151618	77151677	3.2791772
chr6	47967755	47967696	2.1144505
chr2	128212284	128212225	2.0494535
chr17	15226822	15226763	2.684856
chr7	3338823	3338764	2.002971
chr8	59985479	59985420	2.3470776
chr3	85783349	85783408	2.5642602
chrX	11671466	11671407	2.1272643
chr10	96097464	96097523	2.7328527
chrX	18734344	18734285	2.9139023
chr13	19618560	19618501	2.6575365
chr16	93135579	93135520	2.006612
chr10	66386287	66386346	3.861069
chr3	125556346	125556287	2.6762848
chr13	104597630	104597571	2.2618124
chr4	53315851	53315910	3.0185218
chr2	116802710	116802651	3.109656
chr10	81111850	81111791	2.6142864
chr13	98579229	98579288	4.7399273
chr10	120152460	120152401	2.5288718
chr3	137744052	137744111	3.1066048
chr1	152007845	152007786	2.701025
chr14	115444409	115444350	2.4679637
chr3	30049009	30048950	2.380248
chr4	141102164	141102105	2.2813187
chr15	58985222	58985281	2.5254989
chr13	56291902	56291961	5.427823
chr5	121670655	121670596	4.0422983
chr2	128250182	128250241	2.0475008
chrX	18734247	18734188	2.9061732
chrX	102232579	102232520	3.1659462
chr15	12125439	12125380	2.220278
chr16	4869068	4869127	2.69218
chr5	123585986	123586045	2.0785174
chr6	50352443	50352384	3.005652
chr5	122060118	122060177	3.2253597
chr4	21686763	21686822	2.0645459
chr1	182439170	182439111	3.267235
chr9	61076237	61076178	2.8364573
chr3	95457436	95457377	2.0548098
chr13	70760148	70760089	2.0693514
chr13	64053986	64054045	4.2338047
chr11	69193492	69193551	3.2457469
chr19	21369313	21369254	2.9343424
chr11	60735102	60735161	2.408518
chr9	27155730	27155789	2.231188
chr8	10900045	10899986	2.0182087
chr15	76244708	76244649	2.5253356
chr5	152006844	152006785	2.4058778
chr2	145506629	145506688	2.812621
chr12	110750166	110750107	2.6947408
chr15	96990618	96990677	2.1140883
chr13	104597497	104597438	2.270595
chr15	79285845	79285786	2.1545227
chr10	121506383	121506324	3.4429317
chr17	84477739	84477680	2.9231348
chr1	137584329	137584388	4.752985
chr12	10581873	10581932	2.8732126
chr17	31694671	31694730	2.12344
chr4	54865650	54865591	2.201706
chr11	120049882	120049941	3.824588
chr3	37548188	37548129	2.2505953
chr4	134866453	134866512	2.8238404
chr9	96677789	96677848	4.2164536
chr18	5574982	5575041	3.120891
chr16	59597167	59597108	2.757533
chr2	75496818	75496877	2.9056444
chr5	37064036	37064095	2.71164
chr10	21466682	21466741	3.0832067
chr1	100608814	100608873	2.395077
chr15	74462113	74462054	2.5401156
chr17	84477553	84477494	3.076288
chrX	148733351	148733292	3.7828815
chr13	52071833	52071892	3.934998
chr7	26057054	26056995	2.0533206
chr13	70776606	70776665	3.1911144
chr13	62771793	62771852	3.208433
chr1	93815364	93815423	2.1687837
chrX	102586209	102586268	2.3188856
chr12	110653497	110653556	2.624822
chr2	128249465	128249524	2.2352521
chr17	33441423	33441482	2.206767
chr5	112231326	112231385	2.8455694
chr4	131737855	131737796	2.2257009
chr3	37546733	37546792	2.555404
chr4	128060226	128060285	3.8781478
chr13	53113669	53113728	2.3844972
chr8	108154065	108154006	2.3290052
chr17	87490164	87490223	3.1347756
chr19	6275987	6275928	2.5490932
chr12	89459486	89459427	2.5798087
chr2	172344068	172344009	3.642235
chr12	109994953	109994894	4.854219
chr1	92419655	92419714	2.5462127
chr2	116797260	116797319	2.0902529
chr18	61806798	61806857	2.3214464
chr11	103012750	103012809	2.3576927
chr16	9260029	9259970	3.359205
chr11	104308863	104308804	3.2716877
chr1	138572748	138572807	2.2395413
chr3	9409108	9409049	2.1669614
chr7	31998129	31998188	4.411302
chr6	40718898	40718957	2.409201
chr8	124398221	124398280	2.985249
chr12	4583523	4583464	5.2358904
chr12	110981965	110982024	2.2285745
chr12	56610418	56610477	2.1485617
chr15	34078880	34078939	3.401963
chr10	95824793	95824852	2.252236
chr3	19204740	19204681	3.0354924
chr16	84707486	84707545	10.162976
chr13	12795533	12795592	2.5589044
chr2	157241885	157241826	2.0485568
chr13	73479856	73479915	2.3481739
chr2	116798599	116798540	3.1372943
chr2	84363955	84364014	3.1782691
chr2	128217505	128217446	3.0043013
chr17	3045981	3045922	2.2629962
chr11	76402709	76402650	2.027232
chr1	15835206	15835147	3.3306189
chr5	149755169	149755110	2.169267
chr8	123649970	123649911	2.1648784
chr2	116802770	116802711	3.8617384
chr14	70484011	70484070	4.356794
chr6	86534428	86534369	2.326756
chr11	97506581	97506640	3.3400497
chr5	106930142	106930083	2.8422306
chr12	110983294	110983353	3.5841646
chr5	123445499	123445440	2.45712
chr9	88464002	88463943	3.2887745
chrX	148835507	148835566	3.0995
chr10	96097524	96097583	2.9862676
chr11	97309819	97309760	2.2230144
chr14	106255666	106255607	3.229571
chr4	114018593	114018652	2.5558293
chr11	48608536	48608595	4.037227
chr2	116798378	116798319	3.701542
chr5	14948302	14948361	3.331418
chr13	112719069	112719010	2.2534544
chr19	4996829	4996770	3.2130942
chr9	20798210	20798151	2.395673
chr10	95196397	95196338	2.3904548
chrX	121523847	121523906	4.713839
chr1	196802934	196802993	3.3594875
chr15	90184179	90184238	3.7912364
chr4	3009905	3009846	2.414984
chr4	123189218	123189159	2.4440155
chr9	56913490	56913431	4.3598876
chr1	44929567	44929626	3.4293287
chr15	82042855	82042914	2.1468601
chr6	108162380	108162439	2.541999
chr16	84706134	84706075	5.7382784
chr16	23995160	23995219	2.277493
chr2	77819010	77819069	2.4224236
chr13	104597956	104598015	2.919954
chr14	105505872	105505813	4.085026
chr17	34003824	34003883	2.1701345
chr16	25068435	25068494	2.1322565
chr4	149433820	149433761	4.0848193
chr1	182808923	182808864	2.2379904
chr3	45168627	45168686	2.3078308
chr11	95097797	95097856	8.722593
chr15	100908733	100908792	2.9856522
chr11	60735019	60735078	3.351515
chr1	34025749	34025690	2.605651
chr7	50415159	50415218	2.3487945
chr3	93584508	93584449	2.4573648
chr9	113244661	113244602	2.6110973
chr16	84705966	84705907	7.2021103
chr17	84351249	84351190	2.7096343
chr16	11036612	11036671	2.158289
chr6	108162106	108162165	3.038078
chr1	33895333	33895392	2.3778121
chr7	99881309	99881250	2.778199
chr5	54053991	54054050	2.1499944
chr2	77814209	77814150	2.3140602
chr8	122923976	122923917	2.4602594
chrX	11691162	11691103	2.674977
chr3	96134159	96134100	2.1550913
chr13	98285533	98285592	3.234669
chr2	167400838	167400897	4.529428
chr5	35896997	35896938	2.5015702
chr9	43926117	43926176	2.367529
chr10	24269579	24269638	3.4189095
chr5	113939754	113939813	2.42493
chr1	152008293	152008234	2.2603095
chr1	74104066	74104007	2.5655873
chr14	21040435	21040494	2.4761362
chr9	58304790	58304731	3.3144972
chr13	54431608	54431549	3.621563
chr19	33049604	33049545	2.0691564
chr12	15797798	15797857	2.8696187
chr15	32708927	32708868	3.403691
chr13	52680035	52680094	2.3176851
chr4	155565026	155564967	2.539259
chr12	111080060	111080001	3.4141796
chr15	92174302	92174361	2.9744537
chr4	131739520	131739461	2.9374475
chr5	52588903	52588844	2.3611712
chr4	3436444	3436503	3.0054677
chr5	113769778	113769837	2.6692545
chr13	64054314	64054373	4.0992336
chr1	122660010	122660069	2.639417
chr4	149421532	149421473	2.468957
chr4	149433600	149433541	2.1330304
chr9	67481187	67481128	2.5245728
chr16	59557175	59557234	2.7598786
chr10	39664519	39664578	2.3234322
chr13	12795420	12795361	2.4867566
chr15	66710314	66710373	2.5439327
chr13	19618504	19618445	2.949847
chr4	82158440	82158381	3.4019444
chr7	134375961	134375902	2.4334173
chr8	122924054	122923995	3.0475574
chr16	59556332	59556273	2.0600655
chr1	88414909	88414850	2.2912064
chr6	125379663	125379722	2.407476
chr5	122057986	122058045	3.2613266
chr7	133403962	133403903	2.5516057
chr18	36470448	36470507	2.9251392
chr11	102993371	102993430	3.6757057
chr8	87513471	87513412	2.2830718
chr12	89488739	89488798	3.4873085
chr15	102033572	102033631	4.720946
chr3	41325229	41325170	4.8956385
chr10	57549757	57549698	3.391957
chr1	71730484	71730543	2.021528
chrX	11690413	11690354	2.0812864
chr14	73734969	73735028	2.2499828
chr11	48607834	48607893	2.4177377
chr12	110849318	110849259	2.21079
chr3	137744172	137744231	3.2686923
chr7	4843247	4843188	2.0170376
chr1	90913165	90913224	3.9894228
chr12	88221259	88221200	2.0541456
chr14	78937160	78937101	2.3244069
chr5	89002004	89001945	2.080908
chr16	84705939	84705998	6.9605026
chr5	22906763	22906704	2.045632
chr8	113972375	113972316	2.702296
chr6	40718959	40719018	3.026943
chrX	18734168	18734109	3.1409984
chr2	174107729	174107788	6.4199004
chr7	6228207	6228148	2.4252303
chr16	84708738	84708797	8.268291
chr17	3114202	3114143	2.426411
chr16	84707546	84707605	6.7697086
chr18	75519801	75519742	2.1709921
chr16	59597917	59597976	2.1113071
chrX	47988180	47988239	2.6900713
chr9	40266287	40266228	2.2461686
chr17	21178659	21178600	3.1316118
chr8	44250443	44250384	2.5505686
chr8	60133624	60133683	2.0097907
chr15	59621142	59621083	2.4911828
chr2	174955417	174955476	2.9608722
chr6	6499293	6499234	5.14707
chr8	122814701	122814760	2.5034852
chr2	128250242	128250301	2.4501889
chr16	84706074	84706015	5.612376
chr17	88489796	88489737	2.1256573
chr9	67425659	67425600	2.196992
chr12	73789997	73790056	2.6894197
chr13	60523832	60523773	2.4523487
chr15	61919277	61919336	2.3128
chr10	98885123	98885182	3.5265794
chr19	59001890	59001831	2.8765123
chr16	9137645	9137704	4.518886
chr12	111837704	111837763	2.2839487
chr15	10719288	10719347	2.1016486
chr12	56564953	56564894	3.6726732
chr11	97520495	97520436	2.8936388
chr6	67098526	67098467	2.1116505
chr17	84485870	84485929	2.9123983
chr3	86859269	86859210	2.1446555
chr18	49645146	49645205	2.6171982
chr4	149433540	149433481	2.1879246
chr14	106256003	106256062	3.2489586
chr18	47329131	47329190	2.734627
chr12	112223496	112223555	3.3376105
chr4	11921133	11921074	2.6582599
chr3	131139091	131139032	2.5161855
chr8	94850439	94850380	2.0997727
chr17	80144357	80144416	3.3123245
chr3	88331653	88331712	2.6615183
chr17	84477613	84477554	2.1360755
chr9	40268371	40268312	2.4587495
chr1	94611591	94611532	2.53109
chr4	89109546	89109605	2.6867309
chr4	44197845	44197786	3.6973302
chr2	174093666	174093607	3.0702264
chr11	97305577	97305636	4.7588124
chr4	55611781	55611722	2.8812027
chr2	65253265	65253324	2.6984603
chr10	6094250	6094309	2.4459715
chr8	19784464	19784405	2.8484526
chr16	84706005	84706064	4.473468
chr9	121257000	121257059	2.3304596
chr17	84477673	84477614	2.9993443
chr8	74366854	74366913	2.2516441
