Expression
32.91
21.78
23.84
7.98
18.33
14.35
24.95
22.94
20.91
19.22
20.84
19.22
22.57
13.86
12.34
10.73
23.94
19.15
26.21
22.45
18.33
18.05
23.87
17.27
19.24
16.74
23.04
17.77
34.17
16.41
21.23
21.06
27.56
16.15
25.02
27.52
18.87
21.32
14.87
16.78
29.89
15.54
10.50
16.52
15.57
16.29
19.68
23.65
22.41
17.49
23.37
14.34
32.18
24.98
13.22
16.63
18.43
29.72
24.61
17.29
18.54
17.18
17.52
17.42
20.58
22.03
21.10
16.51
16.80
21.15
23.48
8.50
22.57
16.06
18.83
23.90
27.74
19.99
26.99
24.30
20.42
22.25
25.20
15.16
19.61
15.28
16.20
14.35
15.48
18.13
17.38
27.77
12.15
25.59
15.25
24.08
25.49
19.35
21.75
16.47
