group	A	A	B	B	C	C	D	D
sample	up1	dn2	up2	dn2	up3	dn3	up4	dn4
gene1	16.83363134	18.06865759	17.01893908	14.74464992	16.98131085	16.91107594	16.1880846	17.64924214
gene2	17.17145048	17.24223442	17.3111363	17.04925297	16.97876631	16.54419019	16.58981936	17.32057141
gene3	18.36303535	16.54680857	16.44362996	16.63888838	17.03115195	15.50921521	16.61630474	16.51257227
gene4	14.99213288	17.3264646	16.87843415	14.50281316	16.92702559	17.21151761	15.49064408	16.9813889
gene5	15.15287898	17.12072388	16.6840363	13.97365253	16.8808988	17.25540668	15.38504	17.13087217
gene6	16.48523813	16.20179656	16.32642071	16.01544119	15.82659317	15.27320552	16.17019501	16.1382598
gene7	16.67322625	15.5872003	15.58351474	16.05682608	16.2104069	15.0218215	16.13141288	15.96180463
gene8	17.06699312	16.3115337	16.13521227	14.83370545	16.51641411	15.65223999	15.59002558	15.92428132
gene9	13.92255653	16.83355723	15.85800529	13.38485119	16.19089915	16.27529884	14.80185989	16.29539229
gene10	12.08570149	13.6712978	15.59923293	12.34277195	14.65550277	13.43544889	13.5016133	16.12283002
gene11	15.16584522	16.02302875	15.34005523	12.16075699	14.53446096	14.68781853	13.76142657	15.49763669
gene12	13.79842117	14.83934159	15.57315307	12.66669447	15.32349814	15.58466602	14.74399286	16.09620452
gene13	13.11215276	10.95467616	14.32550925	14.97103155	14.59738917	13.44974191	14.9971486	12.98877166
gene14	13.2782026	13.17009875	15.12467466	12.74214941	15.10598624	15.05038436	13.48150935	14.64010934
gene15	15.29501195	14.6475034	14.2635553	14.21488067	15.08404433	14.09466329	13.75200424	14.47624624
gene16	13.09608754	13.48178682	14.56630382	12.72944868	14.86436995	14.28208935	12.76926966	15.11665261
gene17	12.98298645	14.35841082	13.55900657	11.14446069	13.53743683	13.5212569	12.69502162	13.81423196
gene18	10.61839468	12.11248838	12.30610442	13.436191	11.87890539	13.17894801	11.5223167	12.03528368
gene19	15.18867383	12.85828412	12.46607391	13.19925518	12.55526256	12.71422834	12.7711304	13.5785496
gene20	9.364631522	12.20161855	11.04784644	11.58918297	10.90660503	11.85447494	10.32664295	11.40650797
gene21	13.50168793	13.16976532	12.9834586	13.64372093	12.84422714	12.44607009	13.19342526	13.35636943
gene22	11.31768959	12.21359638	13.95690246	12.02279778	13.77708062	12.6033783	12.63874135	12.88395868
gene23	10.57458407	9.951845654	13.78709653	11.37125391	12.26463905	13.8677131	12.10782842	13.33834641
gene24	12.6418034	14.11274085	12.70104433	0	13.09690454	12.86396941	9.709245827	12.77730669
gene25	12.42084185	10.42134955	13.22638961	12.44200782	12.75115697	13.0481207	11.93159442	14.09223684
gene26	0	11.41236872	13.72024426	9.797345395	12.49130447	14.16651618	13.32330814	13.16950697
gene27	13.06382479	12.00829905	12.22764001	12.37782327	12.7536388	12.87408034	12.04053974	11.70331963
gene28	13.58940537	13.71035444	12.68903483	13.40170619	13.08685772	11.18870628	11.58907058	12.32261547
gene29	13.02209728	1.16E-07	12.22295788	14.46275787	12.14711587	13.48533877	13.51716495	13.05668343
gene30	10.89973454	12.00549122	11.64077365	10.89087224	10.85281037	11.86100934	11.29700222	11.91169158
gene31	0	0	12.839379	10.91293423	11.535567	13.51597081	11.02479338	10.07112712
gene32	12.8793018	11.48151692	12.24804022	13.95880643	11.95991502	11.42197013	11.77508759	11.91717066
gene33	12.20309407	11.62152994	11.48421871	13.47546746	12.38802536	10.57471651	11.67754348	13.56554244
gene34	12.55447374	11.90554872	12.14119391	11.54350555	12.49258678	12.33589275	12.62022212	12.61313103
gene35	11.73000303	11.05466536	12.30796067	11.96664243	12.5216446	12.14960106	12.52627181	12.01582968
gene36	12.86479359	11.8207095	12.18342758	11.23307437	12.43787169	12.09304446	12.34369929	12.20533508
gene37	11.91096121	11.08735676	12.43069821	13.69944232	11.49116665	12.42886785	11.49807631	10.58840545
gene38	9.842133451	10.11957665	12.15854973	12.72754825	11.35745853	12.60696034	12.21932888	13.11167854
gene39	12.06646596	11.65239686	12.79210497	9.844001112	10.29849795	10.52106055	0	0
gene40	11.62964349	12.53347331	11.92939157	12.18069552	12.73075669	12.06390735	12.06043925	12.19177791
gene41	12.07417492	11.28176779	12.10368122	10.96361139	12.38451666	12.20365083	12.18923464	11.49807132
gene42	10.25787102	10.90129684	11.10067548	11.22852411	11.38495099	11.77179069	11.72439874	12.79348139
gene43	11.44588393	11.0558247	10.90416042	11.60018704	11.17920623	11.26021389	11.52354725	11.31254833
gene44	11.298011	11.08114386	11.25241708	12.01339247	11.59393262	11.41911221	10.9806323	11.28658664
gene45	10.28785087	10.57769317	12.62054517	11.06270053	12.39721737	11.36390477	10.9858206	11.38697796
gene46	10.66436728	11.06995318	10.25331568	10.79988869	10.29141247	11.0430478	11.06351642	11.17432652
gene47	9.542693347	10.42029712	9.470508395	10.23529625	9.72790174	10.27085594	12.19953739	9.842727469
gene48	11.56047136	11.2533275	10.21386973	12.05028742	10.6165029	11.04302728	11.20159098	10.68831151
gene49	8.58140021	9.099000575	9.108359792	11.02991525	9.686589817	10.46375935	8.139106197	9.026531742
gene50	11.97680754	12.01224391	11.01484344	10.74442182	10.41097067	11.09520579	10.84271176	11.52050574
gene51	11.41428884	10.45461803	10.54434628	12.12655929	11.01186319	10.05873589	10.86638257	9.366289425
gene52	0	0	12.626665	11.55001082	8.553153116	12.44620453	6.613891103	5.240230361
gene53	10.46683101	9.895632838	9.815594641	11.21536312	10.66131494	10.03901498	10.83188516	10.72604782
gene54	7.393536329	0	9.642169054	6.911583735	9.150191543	0	7.952741247	10.14223472
gene55	6.718019065	7.583082768	10.56332023	9.751577532	10.12662705	8.663234306	10.06307145	9.317579939
gene56	0	0	0	0	0	10.07919141	9.799726829	0
gene57	12.21886591	10.87223623	9.696411199	10.83796689	10.2584247	9.717541057	9.537463036	10.05440082
gene58	9.924263225	9.356108588	9.248980676	9.073900547	9.904601508	9.854072033	10.10828922	9.614385937
gene59	7.230817842	9.388622229	10.10142422	11.18633713	8.868146567	9.752397373	9.356520197	9.297347345
gene60	7.674001544	0	0.014919548	12.08678974	2.707219964	0	11.73850187	0
gene61	8.991297913	10.41754665	7.586021591	10.46327914	9.343561056	8.088565657	0	8.061835589
gene62	11.41286619	11.55515469	7.93593114	8.876016521	8.683913965	9.056729828	0	0
gene63	9.874071502	9.743723645	9.91204053	9.691071733	9.5298834	9.575730207	9.671098726	9.919535245
gene64	0.020644286	0.151683501	0.061744683	10.56367296	13.79656693	2.199819944	8.555382883	0.221644499
gene65	9.551362204	9.461696347	8.949456143	10.10796243	9.032789619	9.567762182	9.625157226	9.248826545
gene66	9.114213439	9.811687765	9.555127843	8.803181822	9.846474511	9.865980657	9.462445014	10.45842712
gene67	9.034166183	10.88874325	7.877768785	9.866325381	8.396138077	9.699575923	10.85765449	9.338901253
gene68	9.302209364	8.828936173	9.241458871	9.101581797	9.989621566	10.10055722	10.29918512	10.20490121
gene69	8.623658394	8.814511972	9.727578454	9.28738918	9.61484785	9.666051757	10.01555444	9.430082422
gene70	10.53719898	10.00713943	9.906226202	9.182766774	8.800676685	9.014126506	0	0
gene71	9.971385481	9.719944913	8.811512775	9.220982851	9.143931614	9.381938719	8.805805125	9.239183202
gene72	7.488924661	9.245131958	7.850936907	10.14097033	9.289795281	8.274941842	7.635877706	7.537684337
gene73	0	0	9.008781549	8.677014857	7.691527186	8.171161783	7.504930189	10.91549849
gene74	0	0	9.320692258	7.49255023	8.15273102	7.466219245	0	0
gene75	0	0	0	10.18090371	10.04615543	0	0	0
gene76	8.055618664	9.793424485	8.004821581	0	0	9.124333305	0	9.520479217
gene77	9.502111768	0	8.353190944	5.882217514	0	9.661421833	0	0
gene78	7.376637678	9.260893666	8.891312852	8.385655362	9.032365372	9.272023189	8.885699423	9.872641025
gene79	9.364408281	9.31553906	9.561541898	9.628981325	9.787625091	8.476952722	10.11916161	8.831389591
gene80	8.249464304	8.519152653	8.628044483	9.958238043	8.734052469	8.487651145	8.465831657	8.70043625
gene81	7.06446255	6.617100087	7.942274036	9.423212577	8.415640375	8.211781244	8.271416338	8.551815907
gene82	0	0	0	7.421198048	0	8.92322942	0	8.313019052
gene83	7.903701121	7.786498349	8.061959762	8.784942326	8.438380189	8.579285763	8.302488135	9.210225683
gene84	8.732086001	8.481771183	8.374596126	8.852104987	9.035461707	7.798880007	8.672305112	8.340290759
gene85	8.177598929	7.991657889	8.374787372	8.513621018	8.518106264	8.759219097	8.979156496	8.645251322
gene86	0.000142065	0.000835984	0.003608943	12.69781682	0.020836412	0.004414494	0.033904178	0.005455265
gene87	7.456239406	0	8.389407632	0	7.228241497	8.526949094	0	10.2097945
gene88	0	0	9.238789248	8.684383956	11.06991962	8.663590124	0	0
gene89	8.471528906	8.812196563	8.061014694	7.653181861	7.85247333	8.176158186	8.149040839	7.76272087
gene90	0	0	9.547391988	9.313896569	0	0	0	10.01329475
gene91	0	0	7.327444859	5.923517653	0	9.045729633	0	0
gene92	8.340744731	7.19266762	7.882698066	8.079740766	8.571430323	7.975996958	8.219071692	7.927570578
gene93	8.389239828	7.81961071	7.327444859	5.923517653	0	0	7.952741247	8.822220272
gene94	8.467968216	0.07442364	0.126138045	9.502517579	9.102721111	9.007941105	7.566107329	7.174066799
gene95	0	0	0	0	0	8.462134139	0	9.406119951
gene96	6.266383654	6.082721747	1.422060728	4.951149474	3.563743877	4.51737019	4.908183633	4.643036506
gene97	2.95200361	8.94494627	2.714322459	6.170916513	7.701756963	6.999988729	8.724220509	8.11287212
gene98	6.188646206	8.269033146	8.685666885	6.054457803	9.337762374	7.703993523	7.888274449	7.844994431
gene99	0	0	0	0	0	0	0	0
gene100	0	0	9.64658031	8.052182194	6.454657918	0	0	7.376516134
gene101	7.560592687	7.715234455	8.037118612	7.012937345	7.616710564	7.968321196	7.7210103	8.06704708
gene102	0	9.132579413	8.985870392	2.0396929	2.771236959	0.674900805	0	8.154853543
gene103	10.67690911	0	0	0.001153934	11.19499687	0	0	0
gene104	0	2.943836956	0	7.581765495	6.87296416	5.016830569	5.60730072	5.443507198
gene105	6.743918832	5.464665	6.247568693	9.14908658	6.381726359	6.255585706	7.111052185	6.231614808
gene106	0	0	0	9.548683218	0	0	0	0
gene107	9.140788879	7.946619753	7.031825241	6.974494897	7.285060001	6.997540815	6.966072795	7.197088885
gene108	0	0	0	0	0	0	0	9.528143463
gene109	7.119833399	7.448587144	7.217114365	6.404741368	7.164494669	7.212647152	6.968885629	7.744201469
gene110	3.999900811	3.91756542	6.953800678	6.989059512	5.706248727	6.866252733	5.090421573	4.429723074
gene111	4.341352473	5.557180304	6.417363097	4.242747302	7.202750733	5.242324305	5.494069937	6.676140445
gene112	6.317508489	6.763145958	8.366719993	7.023377346	8.370055272	5.621295854	7.239493515	5.474273788
gene113	7.080167302	7.459234874	6.362098121	6.765494966	6.496129952	6.301219976	6.975767736	5.994552572
gene114	6.825289552	7.286603964	7.360557419	6.688376212	6.378541101	7.108137595	7.018678679	7.128283089
gene115	5.325192104	6.588777588	7.281661162	6.762308947	6.276911623	6.789768369	7.053697855	6.671618905
gene116	5.693453503	4.151858817	5.275081565	8.784729714	5.771605673	5.728081048	6.380966623	2.925479195
gene117	6.922233535	7.706585806	7.247139511	7.308794067	7.755381674	6.270648539	7.070732786	5.4731927
gene118	6.644206722	6.749306315	0	4.996994262	4.999066455	7.78055289	6.83206719	5.876902432
gene119	7.006432681	6.415016648	7.42302344	6.464692769	6.442182149	6.351580629	6.292014193	6.971589536
gene120	6.606637654	6.114450319	0	4.826619667	2.695167589	4.300943704	4.222650022	4.520371958
gene121	4.678286039	5.082340678	7.042545849	5.940542648	7.12144027	7.367685572	7.22751968	7.192026446
gene122	7.49615872	8.64655511	7.015604611	7.573768354	7.920519597	5.858595253	6.426747809	6.009866678
gene123	4.877017812	4.270013068	6.426922205	7.507691587	6.5004595	6.175203212	5.922854335	6.367776417
gene124	6.492953933	7.038688579	5.929445429	6.438329451	6.549076139	7.137759661	6.736347808	6.308127844
gene125	5.836949155	5.510604365	5.750073166	6.828948863	6.429038436	5.575781251	5.898000303	5.429465327
gene126	7.068402107	6.825861932	5.982943393	6.943663512	6.265307489	6.705272965	6.735102413	6.489090096
gene127	6.048526108	5.730854578	6.389472166	5.576909062	6.345165702	6.064024876	5.96106531	6.907695876
gene128	3.580278168	4.650345244	6.304660706	6.347965006	7.252239656	6.022760617	7.09824268	6.929826497
gene129	6.478311767	6.971635516	6.818134761	6.099215239	7.218907069	7.148181658	6.468381299	6.477641713
gene130	4.510746765	6.323789773	6.521570604	7.041374417	6.480234419	6.216363675	5.936185627	6.904255272
gene131	5.482861187	7.345671361	6.766449401	6.613001153	6.435485251	5.918760695	6.078626912	6.744080345
gene132	6.906421644	6.263246662	6.337957228	5.995762629	5.773975233	6.849048488	6.041593449	6.131149069
gene133	0	0	0	0	7.15779155	0	0	0
gene134	0	0	0	0	0	0	0	8.313019052
gene135	0	7.192342137	0	6.433341738	0	7.02798338	0	0
gene136	5.261993336	4.955986933	5.272840634	5.959290259	5.920236125	5.467478392	5.430676675	5.909588316
gene137	4.686971077	6.616753196	6.585401254	6.192413157	6.635455491	5.475840413	6.013859728	6.813293799
gene138	6.420233106	6.597046917	6.912003094	6.081512199	6.274093896	6.604258174	6.708918333	6.121191581
gene139	7.912805526	6.603555136	5.451685886	7.285929261	5.844717061	5.963358519	6.185963647	4.867777881
gene140	4.376443203	4.557679659	6.467502846	4.67128771	6.31740176	6.602596435	6.389701026	6.540768147
gene141	5.024807233	6.215963924	6.36502583	6.300023025	6.921626748	5.238763935	5.923196731	4.419444507
gene142	0	0	0	0	0	0	0	0
gene143	4.496743549	4.646974809	5.936854621	5.770741848	5.955468579	6.334950779	6.046229109	6.177377677
gene144	6.856126687	0	6.277726303	0	0	8.345405247	0	7.181520029
gene145	0	0	7.327444859	0	0	0	7.952741247	0
gene146	5.234083565	5.934724069	6.275364696	6.661350569	6.541361505	5.983700493	5.834402785	6.126159294
gene147	3.062883279	5.441566475	7.529001	4.850764425	7.169434001	6.577608587	7.28622506	6.534811773
gene148	0	0	7.001768471	5.581559139	0	0	0	0
gene149	5.674223347	5.731126206	5.155769468	6.986456445	6.1893047	5.153416242	5.82289327	4.836646251
gene150	0	0	0	0	0	0	0	0
gene151	5.478389434	5.714597218	5.122950134	6.813511863	5.889984528	5.130811464	6.089351959	4.673833404
gene152	5.731601432	5.712604034	5.709265819	5.491346461	5.085050676	5.646099279	4.690327693	5.289812338
gene153	6.553617007	5.984138153	5.693634704	6.127356764	5.771642645	5.882410732	5.893782046	5.739645614
gene154	3.863512317	1.805857865	3.818421123	1.283263967	1.884613549	2.256455164	3.531344028	2.644756151
gene155	0.205979231	0.038056985	0.148597057	8.196602127	0.044559189	0.147604977	0.4288724	0.184657346
gene156	6.990864122	6.054865838	2.45E-05	5.383099443	2.066846945	1.543842287	0.002671042	0
gene157	3.395574235	4.140255134	4.048349546	5.83385402	4.882735966	4.226416046	4.910147408	3.7822408
gene158	6.11205578	5.833552995	5.347144747	5.391788338	5.409957719	5.551414502	4.831466866	6.372445464
gene159	2.563682873	5.150750561	4.636804402	5.787920838	4.18015582	6.459590634	6.335472537	5.703114546
gene160	5.966118951	5.424075566	6.441133188	4.869841802	6.080956062	5.900236472	5.767832211	6.302339159
gene161	4.979805862	7.707945755	5.274802105	6.164478579	6.344464582	6.43539357	5.974182822	0.005561115
gene162	5.767914291	5.756518962	5.921045897	5.637178393	5.26646424	5.742504814	5.745094777	5.71910128
gene163	5.556254663	4.411805852	6.083862222	6.659653457	5.343599695	5.705784424	5.708203793	6.16127098
gene164	4.770305776	5.146268269	5.073040419	5.526366212	5.69176864	5.502384708	5.251154779	5.45252625
gene165	5.194886839	5.39765581	5.949562946	4.767469418	4.99213394	5.496948024	4.660215579	5.957770693
gene166	0	0	0	0	0	0	0	0
gene167	5.593536039	4.743369549	3.902623532	5.090413104	5.117154762	4.075789316	6.220062908	5.198718084
gene168	4.679874148	4.427036222	5.825513443	4.698651889	4.269564332	5.508403297	5.510980902	6.029278391
gene169	0	0	0	0	0	0	0	0
gene170	6.121106603	5.167747294	6.24035822	0.041074868	4.879102884	5.316156606	5.001207751	5.830420133
gene171	9.087709457	5.1656708	0	4.132749561	0	0	6.171773272	0
gene172	0	0	0	6.358477144	0	0	0	0
gene173	4.606667262	5.705676618	0	2.465781222	3.149769877	5.186116221	4.23213116	3.721077309
gene174	6.49E-06	6.210667448	4.173127433	6.328012437	6.166241431	4.549435068	4.615227944	0.000234262
gene175	0	5.657900056	6.189106986	0	5.975980913	0	0	6.564085453
gene176	4.893197155	4.520855935	5.876364688	3.924346966	5.257783822	5.274351128	5.520472538	5.397118409
gene177	3.688672738	5.763419542	5.390959964	5.682733401	5.109573688	4.55520877	5.186571867	5.526237868
gene178	2.60E-10	6.655543603	3.063913603	7.379352372	6.321055	3.741402266	4.386183251	4.950407756
gene179	6.030298554	5.818050375	5.623869788	3.765333179	5.330705387	5.637410277	5.326569705	5.638247645
gene180	4.615263262	3.614756952	3.034018458	1.333040109	4.004213723	1.516292562	4.530645108	5.089845563
gene181	3.07599463	3.574016712	1.30E-06	2.021863447	2.632863786	2.541955857	2.198761295	3.441474184
gene182	0	0	7.327444859	0	0	0	0	0
gene183	4.792360838	6.025870416	5.267899048	5.312051578	5.299977251	5.851311795	5.50430894	5.13024312
gene184	2.62446825	2.670901504	3.135971487	7.645946582	2.952860967	2.755304221	3.70194821	4.401493945
gene185	4.672204678	4.665216517	4.746823317	3.424162929	5.26503926	5.525658612	3.900721928	4.980331543
gene186	4.142503297	4.649103815	5.581182501	4.358677571	5.228680185	4.828682351	5.16243967	4.712925879
gene187	0	0	0	0	0	7.466219245	0	7.825404046
gene188	0	0	0	0	0	0	0	0
gene189	0	4.094683675	0	4.409472404	4.123699301	4.676904879	0	5.655884154
gene190	4.892133552	5.867893994	5.382580799	5.288329029	5.337711092	5.104256974	4.990610024	5.393526032
gene191	5.206260309	5.515873267	5.42495567	4.784807566	5.222120602	5.049957428	5.043633225	5.020515536
gene192	0	0	0	0	0	0	0	0
gene193	4.900731587	4.45337271	5.565993132	4.409160086	5.403005204	5.084999672	5.342238268	5.340010293
gene194	4.867342995	5.426831656	5.523928856	5.059999812	4.812262035	4.594291756	4.99521314	5.375035955
gene195	0	0	0	0	0	0	0	0
gene196	0	0	0	0	0	0	7.653418353	0
gene197	0	0	0	0	0	0	0	0
gene198	5.216408301	5.214571692	4.623422095	4.746731969	4.26620185	5.54630183	4.610829965	4.986906919
gene199	4.646254839	5.073803099	5.212616027	4.651338766	4.997030404	5.232860265	4.991113639	5.839904176
gene200	1.728408166	0.00015495	4.634087888	5.189741552	2.457746616	6.200004028	2.874828435	3.982117427
gene201	0	0	0	0	0	0	0	0
gene202	5.23601802	5.309496363	4.775845965	5.718509587	5.605823205	5.04360698	5.148462346	4.790657368
gene203	0	0	7.327444859	0	7.15779155	0	0	0
gene204	6.294655667	5.078554332	5.152718853	4.653105889	4.684689719	5.753973506	4.596887449	5.392822278
gene205	5.056215005	5.162963258	5.331891488	4.290328555	5.559831339	5.660529359	4.957464266	4.860992585
gene206	4.713866245	5.166084731	5.421950356	4.717226753	5.485269024	6.200204179	5.27921126	5.680248394
gene207	4.310790892	5.01773488	5.71653278	3.425339791	5.521540768	5.268917157	4.667063274	5.21673422
gene208	0	0	0	0	0	9.460085192	0	0
gene209	5.573619924	4.973423006	3.964112098	6.451237492	4.611414383	5.226431461	4.964601945	4.197456549
gene210	4.99157173	4.542518083	5.074522562	3.848327486	5.079783425	5.625442924	5.191416574	5.748474651
gene211	0	0	0	0	0	0	0	0
gene212	6.388728552	5.062074209	5.001968836	4.84707489	4.825861932	4.678342385	4.539537275	5.088735246
gene213	6.154174068	4.098234257	5.68036937	3.624580543	5.631709645	5.399834171	5.971922858	5.291949752
gene214	5.668961548	5.7207053	5.247638946	4.931200818	5.401415439	4.33547611	4.950459082	4.496072414
gene215	5.54240355	4.582814894	4.773094359	5.147823599	4.588732622	5.758164573	4.851324289	4.394555299
gene216	4.360792667	4.068773979	5.089019263	4.184558014	4.474163444	5.483770642	4.954382453	4.991317757
gene217	0	0	0	0	0	0	0	0
gene218	4.82646205	4.520956481	5.236852291	5.135465097	4.553495673	4.757129951	4.701815171	5.402694894
gene219	5.369710751	5.445240029	4.547227707	5.169592342	4.580652028	5.338634778	4.88466141	4.810628185
gene220	4.140713226	4.526970214	4.638971621	4.124204045	4.707933335	5.193700789	4.667920502	4.312563531
gene221	5.834220729	5.125105525	5.035285189	5.458336066	4.961470532	4.581254823	5.050122908	4.431776714
gene222	5.397258769	4.808117288	5.238916757	4.432819138	4.689047506	4.510639175	4.537563208	5.46738057
gene223	4.787954783	4.31486326	5.560030123	5.212090696	5.319989976	4.980007015	5.342266718	4.423739507
gene224	5.032087615	2.634551451	4.991376719	3.902662117	3.61702807	2.585726927	4.412944073	4.013882054
gene225	0	0	0	0	0	0	0	0
gene226	5.600736579	5.257086071	4.246605703	4.766489155	4.545498923	4.84198821	5.203827598	5.289177875
gene227	5.216396659	4.580676144	5.241680045	4.7708449	4.973597501	5.387083323	5.081267184	4.494441213
gene228	5.436848102	6.247048341	5.05744594	4.277590555	4.963090279	3.215049513	3.301085689	5.578144711
gene229	5.076819872	4.567630624	5.420182567	3.708871443	4.951559821	4.55617801	3.753518965	6.874452724
gene230	5.149385384	5.338303175	4.768062551	4.649598216	4.745635336	5.053884622	4.736972808	4.731921782
gene231	5.523888094	5.042801905	4.946379968	4.421829205	4.202315844	4.896785275	4.691154458	5.664937877
gene232	4.757503354	5.296872168	4.748123062	4.9828339	5.073318972	4.322187757	4.859596903	5.189555758
gene233	3.943424406	5.091365564	4.818717653	4.757679353	4.704794517	5.117524668	3.603822153	4.655632325
gene234	6.061303141	3.574743371	5.344484112	2.687098771	4.354804751	4.494550017	4.048349546	5.0542494
gene235	3.625352326	5.209227196	5.102809279	5.187205569	4.732144356	4.731612293	4.647734707	4.846187394
gene236	4.243074944	4.889215548	5.095565811	4.601637096	4.849028465	5.368590271	4.538680936	4.713970692
gene237	4.350136528	4.573168482	4.87592747	4.604545816	4.59902613	5.380771	4.993266763	4.950244434
gene238	4.677119186	4.817326502	5.035944962	4.890359136	5.075417108	4.86859294	4.893226284	4.743908063
gene239	0	0	0	0	0	0	0	0
gene240	4.098402713	3.893109766	6.223997814	4.679457579	5.745024839	4.472143303	4.222433641	1.405594883
gene241	3.911423149	6.209704841	4.635063636	4.595927289	4.70687309	4.762832468	3.570632936	4.490525206
gene242	5.249767674	4.634866216	4.989838381	4.499641823	4.677993006	4.059934939	4.33465408	4.25586325
gene243	1.735318539	0.329006453	1.247332089	2.293267473	0.346003758	0.845219451	2.808010169	0.749917791
gene244	0	0	7.327444859	0	0	0	0	0
gene245	4.834144866	3.319775431	4.634645539	4.443215427	4.245130531	4.682135029	4.445249963	5.19424074
gene246	4.267625683	4.030327249	3.202079146	5.867355352	4.789103218	3.559161387	4.088353643	3.282995721
gene247	5.033832625	5.622248071	4.98580096	5.075250226	5.171531109	5.072954699	4.627233276	4.721640611
gene248	4.915568703	4.552997941	4.9256387	3.949628308	4.721164826	5.205470714	5.106679137	5.404525101
gene249	3.776998813	4.055117547	3.131968052	4.651040207	3.937419727	4.749754141	4.943879142	4.193219787
gene250	4.859447818	3.373417139	5.488335046	4.610564242	4.83741853	4.492244174	5.219141409	4.109109779
gene251	4.84673901	5.050527817	4.768761287	4.663788632	4.844114444	4.924945487	4.687866939	4.297741678
gene252	0	0	0	0	7.591425104	0	0	0
gene253	4.757241982	4.666784991	4.395611249	5.14029195	4.310536442	4.658342891	4.859119777	4.515952091
gene254	1.989204418	6.389566812	4.45322124	3.267206173	5.669188379	0.000862895	0.004792972	3.645217451
gene255	1.059770581	1.159835824	5.159754302	3.261399929	3.405814053	2.905884205	3.558475818	4.716365408
gene256	2.240070043	0.004788285	3.244232524	4.728219851	4.475720463	5.155295891	5.080367731	4.259008785
gene257	4.484956587	4.448973613	4.901368947	4.153010825	5.067858099	4.8113991	5.11392132	4.663612182
gene258	4.737881415	4.385990059	4.944408705	4.169965076	5.114616893	5.173551223	4.549977143	4.696600374
gene259	3.567606289	4.988289311	5.75206347	3.999449868	5.696828465	4.053728261	4.757663354	4.577851755
gene260	0	2.939224697	4.034180493	3.68432504	3.565365644	4.145269857	2.980127693	4.228079841
gene261	4.189326447	4.161258885	4.729955125	4.055195654	4.515037466	4.791532796	4.438252924	5.162363129
gene262	4.727021893	4.735830829	4.372750162	5.497184411	4.974497191	5.14879178	5.155198728	3.581869415
gene263	4.81439661	4.168208777	5.208263627	3.343112146	4.417460994	4.420590193	4.493749794	4.313253109
gene264	0	0	0	0	0	0	0	0
gene265	1.834606053	5.812426346	2.983351182	4.802125993	5.053202588	4.773669362	0	5.021994884
gene266	4.693827031	4.890310491	4.211541812	5.149121139	4.574004598	4.696700516	4.877160184	3.704672806
gene267	4.571373436	5.539186734	4.771706023	4.182700242	4.46125351	4.331905816	4.613407887	4.178380018
gene268	4.292612443	5.041869381	4.304386918	4.421681118	4.628866895	4.607732733	4.183288001	4.975836507
gene269	0	0	0	0	0	0	0	0
gene270	5.110910248	4.735803757	3.435417908	5.32922049	4.679215464	3.67494644	2.974186035	3.874147755
gene271	0	0	0	0	0	0	0	0
gene272	0	0	0	0	0	0	0	0
gene273	5.138777615	4.593114696	4.439643083	4.226678067	4.211798762	4.787745878	4.173175416	4.78401707
gene274	2.558818643	5.60689818	4.731894636	3.050933484	4.01770816	4.381041057	4.507306261	4.70774564
gene275	2.769534796	4.267258618	4.59902613	4.368712484	4.249763882	4.746941524	4.752406071	5.327011841
gene276	5.219548025	4.493704969	3.747731113	5.087636803	3.91961658	4.273657616	4.180028481	3.837650638
gene277	4.018037675	4.686696608	4.736626521	3.361234969	4.320701283	4.163683888	3.492058265	4.649960285
gene278	5.658617094	3.214867726	4.502317871	4.31392785	5.880629207	3.620633327	4.759560669	4.000135246
gene279	4.85774716	4.211222506	4.519120407	4.015229929	4.219292451	4.414642958	4.517080381	4.477916893
gene280	3.816046687	5.374396159	3.942617719	4.664573859	4.531481276	3.856129178	4.846914479	4.521157553
gene281	4.79220464	5.272601794	4.497427147	4.645257808	4.406230521	4.661846491	4.112683454	4.641754095
gene282	0	0	0	0	0	0	0	0
gene283	0	0	0	0	0	0	0	0
gene284	4.515617847	5.052355027	3.886023307	4.402101368	4.433740656	4.64731451	4.381989317	3.719161532
gene285	4.300958342	4.341523271	4.589511832	3.936864042	5.063580597	4.48453775	4.913827681	5.020555538
gene286	4.800014603	3.349501161	4.268187336	4.573586601	4.051328594	5.113792165	5.120978089	4.492596694
gene287	0	0	0	0	0	0	0	0
gene288	5.711428828	3.062769328	4.550014095	3.376044448	3.237231762	3.867194709	3.876870517	4.841017042
gene289	3.260694141	3.944286875	4.229618684	4.399629128	5.425429092	4.145767111	4.660991347	4.735294707
gene290	5.443311585	4.592463017	4.162798147	5.208544571	4.09528308	4.110104283	3.655729628	3.805581378
gene291	0	6.342812499	0	6.517127636	4.996863239	0	0	4.44E-05
gene292	4.485343097	4.397618165	4.190338304	4.664704689	4.178802268	4.396351324	4.82353029	4.60116759
gene293	0	0	0	0	0	0	0	0
gene294	4.91046405	4.057112304	4.636618821	3.901590992	4.143768902	4.366210292	4.521201533	4.904720112
gene295	0.970361877	1.226255728	0	1.724060851	1.690872964	1.686899384	2.865519	0.960997963
gene296	3.875622813	3.692215153	4.748482702	3.760848994	3.820597666	4.656462048	4.282054244	4.817331619
gene297	4.489883275	5.091606754	3.821363274	4.347254614	4.368621698	3.895302621	3.698274051	4.392482293
gene298	5.319498716	4.913109615	3.620891338	4.960497809	3.799273849	4.267932747	4.215476698	4.059978188
gene299	4.553323637	1.040682059	4.680808175	4.44863009	4.929819397	5.063576283	3.160766942	0.353907027
gene300	0	0	0	0	0	0	0	0
gene301	4.08971847	4.489774118	4.548177656	4.743913448	4.078754985	4.216920426	4.622502866	4.516935454
gene302	3.668005629	3.439256101	3.154584829	5.241538955	4.177854025	3.518661023	4.056904284	3.238138724
gene303	4.214567806	4.219501561	4.589002396	3.83389196	4.614315257	4.492917092	4.19775533	4.14834845
gene304	4.550451291	4.634285414	2.615227944	5.610924432	4.445799525	3.307043755	2.722887842	3.773057424
gene305	4.96309953	3.91610398	4.740663168	3.470315596	4.441749047	4.384595551	4.808359306	4.319747979
gene306	4.799688304	4.610664632	4.110939471	4.261124577	3.773310671	3.993783035	4.186571867	4.373877855
gene307	1.480621873	1.734763805	4.007356988	2.258114853	5.06611503	4.997856909	4.882378939	5.660803148
gene308	4.874187109	4.120924193	3.652784755	3.83075223	4.386962656	4.856557497	4.547937144	3.888402319
gene309	3.519982144	3.665631533	4.467436003	4.329862698	4.267490854	4.942467588	4.24735032	4.630818975
gene310	4.58923616	5.312247667	4.536376227	4.492327505	3.966024329	3.68624278	4.316572983	4.564786651
gene311	0.000316632	0	0.000130826	4.01E-05	8.49E-05	0.002876289	5.699518319	0.000264178
gene312	0	2.728910947	1.842834052	6.870056418	2.266303813	0	4.256776689	6.30E-05
gene313	0.361614539	0.056879667	3.383105666	3.768872419	3.989211685	4.284173555	5.093251694	4.048140259
gene314	3.798465321	4.025790705	4.321978588	3.597507338	4.332041921	4.306065336	4.595032154	4.818221698
gene315	4.792709618	4.07235452	4.113192066	4.370136375	5.202288414	3.755143958	3.942364363	4.321055
gene316	3.541267018	4.692075632	4.402019483	4.12535354	4.597030524	4.065425829	4.919306708	4.732638239
gene317	0	0	0	0	0	0	0	0
gene318	0	0	0	0	0	0	0	7.825404046
gene319	3.883435092	3.720563036	4.62116689	3.976675239	3.737924668	4.496404825	4.980637721	4.110572048
gene320	4.910641531	4.541880299	3.770511935	4.058602235	3.570511506	4.458874106	3.634988155	4.281512802
gene321	4.843853232	4.304182455	3.913904253	4.375824878	4.177256073	4.517590658	3.977069229	4.042469242
gene322	4.585263031	4.388878339	3.925762114	4.261365325	4.120069877	4.659610647	4.205142241	4.058541629
gene323	0	0	0	0	0	0	0	0
gene324	5.211787083	1.777699548	4.765327875	4.277032552	4.616434159	4.217944131	4.241100346	4.845836256
gene325	4.805627807	3.843662316	4.679964201	4.453715105	4.423658841	4.125609777	4.835150995	3.517250493
gene326	4.913550071	4.092300479	4.008549635	4.2618843	4.135895991	4.549385778	3.733939978	4.290969882
gene327	4.806107482	4.405971944	3.424973132	4.885154575	3.838608948	4.106105393	4.112349841	3.599532039
gene328	0	0	0	5.762189334	0	0	0	8.22547257
gene329	4.254805655	4.3082298	4.333223346	4.030856909	4.352991518	4.201069218	4.222294521	4.049421666
gene330	4.629618904	3.251593372	4.56285296	2.474918808	4.320369142	4.3844505	3.919082606	4.232860265
gene331	3.842194436	3.200347407	3.555104446	3.133410634	4.199986367	4.567819212	4.125923813	4.220035813
gene332	5.698226814	4.999125101	3.688616795	4.560684389	3.498544484	4.11813543	4.078515906	3.534758869
gene333	4.293804522	4.196709326	4.395707206	4.022030405	4.150868328	4.567734047	4.414656487	4.250006533
gene334	4.444123701	3.651350248	4.274746206	4.149934048	4.178850062	4.287671753	3.479967762	4.402749459
gene335	0.002848716	0	6.010842485	6.051511318	3.322742987	0	0	0.003136009
gene336	0	0	0	0	0	0	0	0
gene337	3.884461166	3.573507834	4.402626685	3.329569973	4.02505538	3.890135356	4.576116965	4.494684411
gene338	0	0	0	0	0	0	0	0
gene339	4.718794507	3.974364109	3.633768304	4.637216077	3.689947668	4.425533156	4.022287908	3.736929526
gene340	4.448861316	4.684818738	4.079838881	3.819760137	4.375275805	3.886598919	4.491186096	3.827138156
gene341	3.462850686	0.0436988	4.127938623	4.052746271	4.16334576	3.639127952	3.794415866	3.711560983
gene342	2.711036696	3.232771257	3.233030592	4.669418009	3.814478646	4.216710942	4.651958653	4.184161255
gene343	2.370995614	4.650913875	4.429234319	3.355003574	4.052789736	4.355002164	4.132362972	3.558463573
gene344	4.028569152	4.21135491	4.152029242	3.904050502	3.989856542	4.19543422	4.190275084	4.218626198
gene345	4.186342081	4.276362663	4.250461393	4.049439093	3.942242362	4.221590988	3.856756672	4.399813668
gene346	4.398877055	4.290424404	3.578371182	4.728442997	3.592480957	4.159984327	4.376797405	3.744419466
gene347	0	0	0	0	0	0	0	0
gene348	5.51505324	3.73534887	3.539295318	4.242137537	3.516557317	3.761157596	4.235612191	4.337147318
gene349	4.445091015	4.648172042	3.822016271	4.149088613	3.62862197	3.947394983	3.849699084	3.922806773
gene350	4.074710934	4.668192892	4.15459131	4.381560255	3.995258373	4.452555901	4.142821844	4.083187834
gene351	3.854953135	1.179568375	2.9637238	4.995728716	4.090658687	3.324125088	4.803650688	3.547819957
gene352	4.219424116	4.40659109	4.241824933	5.149763375	3.976858503	3.933213808	3.43373131	3.837297416
gene353	4.97101926	4.307843787	0	3.031079307	0	4.4017465	4.006118461	3.531443846
gene354	3.49943773	4.703731962	4.737681354	2.51028344	4.250052025	3.78652318	1.849038477	3.938069324
gene355	3.466901147	3.847976869	4.33632624	3.60953041	3.328661286	3.105406541	3.873616364	2.175400047
gene356	4.632477624	3.275830996	3.546771015	3.793989493	3.832181148	4.409594596	4.354296993	3.798569004
gene357	0	1.325570626	2.987757429	5.82806284	1.814821096	3.291186542	3.928806145	1.652178993
gene358	3.382364296	2.4403968	1.882177399	2.967198125	1.822395689	3.630382172	3.927147423	0
gene359	1.803619694	0.731717635	0	2.809865087	2.535184535	2.641615388	2.250215786	2.214351763
gene360	3.775082156	5.311855463	4.799574341	2.694334205	3.02890857	3.941481964	4.59875227	3.49241724
gene361	0	3.48357074	2.16E-10	5.442353031	3.294450188	2.56E-07	3.227859653	1.154427668
gene362	4.891074026	3.797604465	3.534161233	5.227013231	3.574743371	4.218943869	3.897608314	2.952061404
gene363	4.49999254	3.680481897	3.858717079	3.841419678	3.1657335	3.053639649	1.69318138	3.846633717
gene364	0	1.52E-07	4.815365362	0.001089252	3.050985707	0.434626626	2.765299228	3.553581683
gene365	5.469443204	3.6615672	3.398644517	3.902343758	3.918061782	3.520133052	3.293345468	3.997120756
gene366	4.364859542	3.213138834	4.438432589	3.944558634	4.229226435	4.799967993	4.273023469	4.368544875
gene367	4.38035543	4.515195201	3.025337151	4.092207438	3.52228178	4.302516467	3.933600963	3.673036236
gene368	0	0	0	0	0	0	0	0
gene369	2.806509667	3.642690021	3.72540307	4.050501697	3.949852384	4.437394215	3.99982867	4.311837303
gene370	4.455452166	3.585611567	4.45679958	3.464184674	4.011191467	4.166410165	4.047093367	3.927194841
gene371	4.319126548	4.161597502	3.773711555	4.136847604	3.971221642	4.442034477	3.993683418	4.130049503
gene372	5.317857565	3.566632523	3.926322091	3.395077885	3.345260105	3.985746323	3.761242715	3.944802236
gene373	3.704440419	3.718909554	3.660050104	3.827026341	3.770110162	4.093526373	4.081561196	3.837549726
gene374	2.055667681	2.548263984	3.883835836	5.984858179	4.133407346	2.938641481	4.546838911	0.432231464
gene375	4.894992331	4.347991572	3.942608336	3.108604744	4.389587461	4.392983657	3.299942095	3.487846464
gene376	0	0	0	5.995328482	0	0	0	0
gene377	5.143458727	3.856198913	3.191360508	3.829200099	4.030645068	3.846021868	4.45220664	3.290621979
gene378	4.240703575	3.72226928	4.065779085	3.332415785	3.356176214	4.575130772	3.799636504	4.544609026
gene379	0	0	0	0	0	0	0	0
gene380	3.764420471	4.202025845	4.070071556	3.574876552	3.851948881	3.960826756	3.697973933	3.993692475
gene381	0	0	0	0	0	0	0	0
gene382	0	0	0	0	0	0	0	0
gene383	0	0	0	0	0	0	0	0
gene384	4.393223975	3.828133945	3.375613614	4.083324013	3.407253486	3.921160181	3.781065898	3.717572244
gene385	3.806643704	4.016211033	3.323319624	3.704883028	2.688952425	3.669605089	3.53198025	4.039252471
gene386	4.12532874	4.23476954	3.934856141	3.95863855	3.759496755	3.873232461	3.759858896	4.207666437
gene387	2.996424904	2.325688624	3.780824506	4.111164889	1.404794153	3.795559171	3.20195216	4.540436504
gene388	4.461292806	4.048393143	3.639070054	2.929681182	3.677079711	3.551257601	3.935497465	4.08061503
gene389	3.610534714	4.169564283	4.216097833	3.613602372	3.931446685	4.135149027	3.98064686	4.057718857
gene390	4.672136774	2.081888374	3.404397709	4.797998656	3.79469658	2.763233086	3.482822474	0.993575824
gene391	3.17671212	0.018913429	2.867293568	2.244372589	3.096160631	3.71048136	4.009947275	3.849859185
gene392	2.09482384	1.811873778	2.179558821	3.036702009	2.510437898	1.892480402	2.607756401	1.710640049
gene393	2.876899977	3.208153575	2.684740206	4.511271939	4.500120053	3.756094586	2.25507466	3.958090979
gene394	0	0	0	4.48715831	0	0	6.575357717	0
gene395	3.938012849	3.425494217	3.280309034	4.0609812	3.304949041	3.571142829	3.21094364	3.550912974
gene396	0	0	0	0	0	8.126916087	0	0
gene397	0	0	0	0	0	0	0	0
gene398	0	0	0	0	0	0	0	7.627212845
gene399	4.515794438	0	3.055133169	0.032092377	2.345336759	2.063278582	3.71E-06	4.470985807
gene400	1.063965359	0.000416804	7.125010441	0	4.079719436	0	1.72088694	0.510269259
gene401	0	0	0	0	0	0	0	0
gene402	5.697178874	3.292394525	0	5.388075853	0	3.901339983	4.907640602	0
gene403	4.654985383	3.819831652	3.731878349	3.939649731	3.910003456	4.189563664	4.130271955	3.691779804
gene404	2.930334273	3.781223307	3.668300699	3.411019413	4.313347446	4.077584829	4.695888056	3.754053704
gene405	3.537233934	3.924080878	3.782114963	4.259664184	3.971460783	3.979220531	3.739502506	3.829392939
gene406	3.339547896	4.376707126	3.625913363	4.862069466	3.68800127	3.484615083	4.630452069	3.914708021
gene407	4.38885768	3.797697836	2.853656384	4.511423761	3.728900066	3.893721384	3.752652266	3.303092473
gene408	4.096304027	3.393823909	3.590434352	4.386645427	3.928000718	3.509505834	3.689355078	3.324290736
gene409	4.317144854	4.536972947	3.955219795	3.705469276	3.063209541	3.584974523	4.274418224	3.942542655
gene410	4.033960333	3.925913993	3.076347019	4.501273528	3.336983139	3.637749339	3.722914065	3.405873945
gene411	3.458567054	2.942835381	0.00082365	4.524709383	3.291478319	4.309358114	2.97599329	3.266764057
gene412	4.953400282	3.028263254	4.128639844	0.001938718	3.413400465	3.188336037	0.000388914	2.059950509
gene413	4.190622761	4.091649064	4.225182367	3.445961043	3.837045061	3.617627613	4.039480598	3.920188477
gene414	0.223791981	0.008553952	1.877681437	5.178455714	0.046167491	3.722903139	4.866294777	0.000895099
gene415	2.258717903	3.382213486	4.136306246	3.775998678	3.214883265	3.804693788	3.904175776	3.604344176
gene416	3.539431811	3.676775151	3.121723309	3.815985227	3.436507011	3.438584289	3.816118387	3.304671657
gene417	4.036854953	4.106641452	3.462091593	3.740398727	3.069765743	4.125775068	4.321473574	3.727735342
gene418	3.408900676	3.817613026	4.028887359	3.452700852	3.44875826	3.662216895	3.527858546	3.702724026
gene419	3.355891598	3.850699427	3.422101106	4.271492909	3.733408576	4.052068047	3.899117612	3.245425686
gene420	3.42054573	2.555492248	3.181767278	3.986019489	2.250000467	3.778597589	3.358967263	3.855321997
gene421	3.826762016	2.072599766	3.949049284	4.572325816	4.658628518	2.328172971	3.562865168	2.789195053
gene422	4.418615001	4.319162685	3.060497075	3.754844755	3.098552623	3.969675463	3.424896565	3.800175136
gene423	3.338611247	4.394569017	3.946833772	3.485478351	3.306170355	4.234424677	3.426396269	3.924632007
gene424	3.809311538	3.350122381	2.559496708	5.572356136	3.509505834	4.015185318	3.894449162	2.993618211
gene425	4.082574866	4.035887793	2.692590117	3.828042523	3.235779131	4.298848903	3.220989234	3.777703755
gene426	4.270820442	3.922626025	3.694389927	4.154567008	3.823423291	3.025237917	3.56883473	3.180491622
gene427	3.143600763	3.640470543	2.672391396	3.951494546	2.653713554	2.473269994	3.178891482	2.982199589
gene428	4.166916252	3.89729852	3.5918948	3.921322068	3.495656793	3.901832306	3.971929754	3.849719097
gene429	0.000409702	3.475344337	4.937358518	2.930701388	2.506096652	2.943383145	4.050553937	4.428745398
gene430	1.837943242	4.114250405	4.349188327	3.515926868	4.068980295	3.708496273	3.652635633	4.515018536
gene431	3.618720257	3.927299157	4.082140524	3.480006551	3.8793823	3.964795989	3.961113943	4.071084745
gene432	4.455958415	4.160476536	3.414310107	3.985227167	3.824533663	3.728954469	3.897927721	3.690540016
gene433	4.131885763	3.58559955	3.311806793	5.017347387	3.541316585	3.729781147	4.054101763	3.068029279
gene434	4.162347015	4.453445146	2.949254771	5.645367342	3.02553737	3.606323775	3.945944742	3.18942292
gene435	3.968505525	2.893175794	2.349427559	2.747486226	3.026658438	3.686634986	3.317933518	4.477567243
gene436	5.628881473	0	0	0	0	6.404579596	9.43E-05	1.406939328
gene437	3.717023807	3.864324835	4.678302943	3.44109035	3.486431212	3.896184645	3.346586775	3.803970928
gene438	1.700816989	4.172271479	2.594689468	3.89003805	2.193279724	4.324947379	4.004681156	3.930860316
gene439	0	0	0	0	0	0	0	0
gene440	4.866339292	3.768374907	3.767231037	4.661658403	3.074226255	3.366972592	3.435841916	2.983790771
gene441	4.731585141	3.274519608	2.793916686	3.313916244	3.065570588	3.839465843	3.681021903	3.703333302
gene442	0	0	0	0	0	0	0	0
gene443	0	0	0	0	0	0	0	0
gene444	3.672911816	3.703388678	3.331908681	3.808642468	3.407921015	3.674969031	3.884089909	3.851229328
gene445	2.989511444	3.488630687	3.778250637	4.550321993	4.098116325	4.378553239	3.771251752	3.108695061
gene446	2.858072529	3.502228749	3.495490511	4.295686296	2.740925402	3.413237968	3.377587448	2.697760478
gene447	3.107209123	2.094783312	3.208520381	3.667301759	4.072594621	3.1063969	4.340191935	2.821775512
gene448	4.605826168	2.505100787	4.526287954	1.945150702	3.514879713	2.349495499	3.723744211	4.308047731
gene449	3.962123277	3.49800827	3.029030529	3.839748004	3.639104793	3.91727898	3.812703577	3.964648148
gene450	3.629263352	4.061862584	4.048855198	2.988061126	3.793854276	3.916973381	3.795933147	3.720902258
gene451	3.266441752	3.308531255	3.610676442	3.338387331	3.520359385	4.442976661	3.583470945	4.038971649
gene452	3.8763696	2.197261522	3.208534427	3.701005588	3.390421438	3.901050302	3.524264315	3.087237084
gene453	4.321192133	3.737611056	3.790761614	3.321314819	3.642089249	3.321791032	3.569296646	3.324768848
gene454	3.982911458	3.19E-09	4.40130962	3.728693314	2.59177036	6.20E-10	1.649049766	1.927073447
gene455	0	0	0	0	0	0	0	0
gene456	3.147576975	3.60536395	4.438226305	2.648750733	4.339194407	4.652297183	4.090159009	3.927175874
gene457	4.107286135	3.77360607	3.772519127	3.502865211	3.911068356	3.730857295	4.077294279	3.810566494
gene458	0	2.268688894	1.724872879	2.808967778	4.369647943	2.915914744	0	0
gene459	3.951988695	4.070887315	0	0	0	0	0	0
gene460	4.405835832	3.489876854	3.646704142	2.874010006	3.490030944	3.925296883	3.627630183	3.715025736
gene461	2.60387911	3.454711539	4.341338239	3.53088228	3.909590716	3.618109418	3.320122154	3.431403664
gene462	3.917489042	3.454519414	3.976592762	3.398507712	3.864196052	3.233733171	3.634256368	3.407056295
gene463	3.942974218	3.754395833	3.634244749	3.754930248	3.706685257	3.591978551	3.318286468	3.678793072
gene464	4.191854761	3.281816925	2.808080209	4.338759555	3.400837094	3.46524314	3.18856234	3.347512592
gene465	5.156950708	4.237670785	3.93364817	3.144661505	4.053111336	4.152280786	0.003211037	4.121521085
gene466	2.245778576	2.257514568	2.507340516	3.704717066	2.504216127	2.1281416	2.758618719	1.329255658
gene467	3.059703102	3.323101971	3.580073107	3.482925706	3.32910637	3.844164672	3.693821457	3.962076993
gene468	3.768914752	3.658394308	3.970761643	3.251196447	3.430421774	4.032109662	3.558096166	3.770554221
gene469	3.672346133	2.998522284	4.146508599	3.979979587	2.98136315	3.847495884	3.944671071	4.422609775
gene470	3.777651159	3.921112564	3.584084594	0.797887048	3.021337583	3.989475113	4.397590785	3.04505848
gene471	6.139672084	4.862119072	0	4.062233986	0.206136817	0	0	2.912636453
gene472	2.858826465	3.858100386	2.809906235	4.451580395	3.715651803	3.744107263	3.477599622	3.377912225
gene473	2.319057162	2.724486568	3.449182329	2.923278513	3.051403426	4.060116576	3.808240877	4.044874938
gene474	2.603955049	3.487344851	4.15277563	3.458346566	4.474539877	3.422311055	3.585106763	3.861846215
gene475	2.411209283	3.087018083	3.134263661	2.704717066	4.028843168	4.579602562	3.394569017	2.782819507
gene476	3.260843152	3.58731698	2.898467647	3.205218891	2.738086854	3.787401119	3.253892478	3.368357688
gene477	3.547227707	2.661610522	1.493401399	0.56276457	0.530201618	1.862066489	1.165333137	1.930294528
gene478	2.099271636	3.315738659	1.868702567	3.311815511	3.095029841	3.757983301	3.806870507	3.003846862
gene479	3.402284227	3.536425963	3.751645814	2.851523189	3.09166768	3.460493576	3.302735786	3.421123637
gene480	1.992703182	4.541929846	3.993466048	2.493849686	3.605980207	3.976601927	3.6393711	4.105627797
gene481	3.967657418	3.63605613	4.010448661	1.890112003	3.569381719	4.081884967	0.00032636	4.245077275
gene482	2.388646938	3.965304076	4.429950657	1.240857718	3.757599356	3.494313197	3.761880954	4.792392075
gene483	0	0	0	0	0	0	0	7.825404046
gene484	0	0	0	0	0	0	0	7.825404046
gene485	0	0	0	0	0	0	0	7.825404046
gene486	3.317716497	3.574973403	3.731889207	3.446835839	3.861717211	4.037918081	3.614945367	3.286005805
gene487	3.815565182	3.755539239	3.016747682	3.989329779	2.902123759	3.482319112	3.57271993	3.022726445
gene488	3.50870753	4.804249789	3.940570836	2.036193838	3.029375139	3.379620962	3.598115047	2.970065846
gene489	4.453958683	1.473880405	1.491047527	4.080205685	2.631213732	0.974318583	2.50440429	3.528371278
gene490	0	1.555727824	2.736427369	3.279789218	1.670591105	3.638027485	3.360036929	3.432157687
gene491	7.456239406	0	0	0	0	0	0	0
gene492	4.365601561	3.520397103	2.602592278	3.373046789	3.515018536	3.61363773	3.127347684	2.882159788
gene493	4.697935024	2.861600104	2.464213433	4.59547979	3.90636151	2.915346887	1.79585005	2.121575787
gene494	3.231143595	3.137167402	3.318861998	3.367773622	3.144643561	3.421757856	2.628598642	3.786533635
gene495	1.507053761	0	1.817881078	1.763993634	1.146922363	1.495577491	2.149200824	2.041800184
gene496	0	0	0	0	0	0	0	0
gene497	2.288045477	0.000341782	3.420365171	3.905504943	2.916520593	4.56096557	3.147513481	3.649132564
gene498	3.885603647	3.600781172	2.835806876	4.68751426	3.283474379	3.529008812	3.397385423	3.050642739
gene499	3.730553011	3.201067649	3.457159553	3.105435038	2.190387298	3.691813297	2.636568942	3.554429226
gene500	2.98454925	2.520107902	3.374633334	3.165143369	3.789927439	3.291145276	3.199816803	3.706442143
gene501	4.573319988	3.169822406	3.740830442	3.443837358	3.745043669	3.460532893	2.518248082	3.726580576
gene502	4.368914985	3.076364123	3.222161572	3.106339943	3.062871194	3.534098965	3.64487149	4.295634873
gene503	3.712892872	3.336437648	3.281980086	4.242564399	3.399553938	3.708165159	3.787160784	3.125983306
gene504	3.494210777	4.006872474	3.626287266	3.405741908	3.697951699	3.372826762	3.619424749	3.54344639
gene505	1.984115361	3.166572454	3.596911296	4.462170138	3.280459003	3.062095801	3.991254257	3.136613041
gene506	2.739508986	3.260630919	3.922511857	3.974556845	3.963733046	3.828347239	3.508162401	3.650982785
gene507	1.569738973	1.322106978	1.394481216	3.041758138	2.387555549	1.950180966	3.095630789	1.11449363
gene508	3.720803782	3.750467159	3.621583051	3.70569044	3.716584908	3.500636363	3.631954046	3.315253197
gene509	3.336823226	3.174214643	2.059559483	4.018108912	3.930321025	3.268877495	3.409329832	3.5032724
gene510	3.853137358	3.66026693	2.769160262	4.133292255	3.073182702	3.504264441	3.477729129	3.039147169
gene511	0	0	0	0	0	0	0	0
gene512	3.960641443	3.907323339	3.641684743	2.750426425	2.860652977	3.347396366	2.917662797	3.416823532
gene513	0	0	0	0	0	0	0	0
gene514	2.44726444	4.18502605	3.126855599	4.479515139	2.114576917	3.877724621	4.308826824	1.044617938
gene515	3.362841561	3.536326489	3.765768105	3.055471601	4.006154376	3.910387295	3.265334872	3.590613995
gene516	4.129439644	3.186587713	2.164387262	3.46524314	2.853265135	2.870050992	3.095522772	2.278969014
gene517	2.699587166	2.82853613	4.106607954	2.475570024	3.514311661	2.758396994	3.695036151	3.23376691
gene518	2.411979354	3.302418493	3.937203129	2.8983322	3.275258901	3.195544459	2.867176913	4.240253262
gene519	4.265766926	4.532890432	3.157743862	2.915142251	3.266813521	3.9151193	2.729013222	4.078088881
gene520	2.578830054	3.460939103	3.274817756	2.734796315	3.502865211	3.924185418	3.358487694	4.235244549
gene521	3.510923953	2.954188864	4.124361224	3.378771008	3.141315068	3.909398704	3.127317965	3.493275854
gene522	3.910972452	3.614297587	2.193197705	3.759241072	2.950837906	2.817827881	3.411214707	2.866492612
gene523	4.166739543	3.190932439	2.882701734	3.905206469	3.049139331	3.741833681	3.501757586	3.11997861
gene524	4.152467386	0	4.214894141	0	4.322194969	4.649356785	3.58923616	4.136002668
gene525	2.879582269	1.88009383	1.580372245	2.399217588	2.277877657	1.099497201	2.780415095	0.67709505
gene526	5.089883688	3.657834333	2.713959698	2.987815627	3.757428681	3.588948446	3.113335446	3.352240158
gene527	3.800299407	4.208119231	3.672221653	3.297806229	3.493660142	3.66994517	3.903182918	3.112871912
gene528	3.859432909	3.496321729	3.63280331	3.648684017	3.649615459	3.878568412	3.721317969	2.913259002
gene529	3.319690183	3.817418605	3.638803691	3.279919932	3.56677863	2.075008853	3.554846672	3.447826457
gene530	3.477340573	3.084171442	3.607318476	4.106892662	2.351778131	2.342941536	3.700450816	3.417782319
gene531	3.545091122	3.091073543	3.596076424	3.173052258	3.303684322	3.480058269	2.847183157	3.564439143
gene532	2.41861635	3.453944201	3.780352098	2.194887627	3.742383548	2.840316187	1.555477524	4.460749116
gene533	4.113925486	1.854390688	4.716343456	3.063288938	3.757834001	3.724431996	4.038269356	2.329129338
gene534	3.540585288	3.549459712	3.376336231	3.89293497	3.386561281	3.403064531	3.367129198	3.313241498
gene535	3.642274129	2.702482459	3.852518274	3.459759467	3.879254854	3.270132707	3.553704546	3.539741976
gene536	3.979888155	3.75671376	2.291379593	4.327895706	2.678295055	3.435633927	3.454500989	3.461947582
gene537	4.755432417	1.090480855	2.0034943	3.787171234	2.262535388	4.036661573	3.32120368	0
gene538	2.604877868	2.564278164	3.647279967	3.818717653	3.528621325	3.191985796	3.524038594	3.103665483
gene539	3.563634068	4.102263394	4.064494885	3.409029708	2.103615132	3.220258747	2.907244493	3.829565457
gene540	3.63711172	3.573035143	3.354758214	3.906169068	3.491417016	3.315092306	3.495605631	3.389520006
gene541	3.013573026	1.860597362	1.924179716	2.118954358	0.546544344	2.677357143	2.445530729	2.563851239
gene542	4.059372584	4.024364009	2.958363862	4.383780313	3.06913845	3.574331643	3.623527447	2.900426326
gene543	5.162584682	4.441835346	2.971153571	3.334173511	3.509936482	3.500904007	1.622920983	2.940405457
gene544	4.429642743	3.156613425	1.670541254	4.04889878	2.448575912	3.485452589	2.889997179	3.688885305
gene545	3.192301495	3.941848131	4.105703218	2.507840298	3.273979805	2.756867444	3.042455234	3.406804668
gene546	3.045712053	1.518379027	2.098746303	2.163411782	2.207992775	3.396530804	3.612800691	3.929838329
gene547	3.48920894	2.329930132	2.512381137	3.256104877	3.537494874	3.116600972	5.829697369	3.888343865
gene548	4.392647144	4.038664438	2.937116481	2.545063931	3.453566305	2.771089025	2.722765462	2.003217227
gene549	3.280558479	3.625176957	3.499118777	3.496539046	3.497229129	3.234113464	3.891458073	3.464511444
gene550	3.140518555	2.950623314	3.639984577	2.405613943	3.480097056	4.639556328	4.450274293	4.752588045
gene551	2.160255466	3.306120764	3.700561787	3.160119903	3.644686943	4.057415612	3.793136369	3.356749502
gene552	3.304173692	3.792345218	3.591607615	3.460677045	3.587761018	3.533276774	3.298539552	3.483918938
gene553	3.761636329	1.698342958	4.049421666	3.114928334	3.17610731	2.781080591	3.3302443	4.432351477
gene554	4.148551829	4.102145791	3.080664485	2.004796193	3.175917357	3.834549424	4.180450248	3.569333106
gene555	0	0	0	0	0	0	0	0
gene556	3.629484854	3.550383565	2.97037513	4.059597553	3.141561948	3.455532389	3.306247655	3.100005435
gene557	1.667914827	4.232568667	2.461135615	4.639278477	3.426712927	2.409841665	2.921906615	2.882682173
gene558	3.786659086	3.732963784	2.575472083	3.978753925	3.172460313	3.306345369	3.06392913	3.025684416
gene559	3.659308085	3.391040416	3.738627343	3.397837181	3.488862016	3.60344238	3.648856551	3.626439137
gene560	3.731900066	3.462091593	2.447729938	4.156841525	2.865667459	3.372460439	3.575711679	2.865200257
gene561	1.553178619	3.382152604	3.828854955	4.245510875	4.119007497	2.329898568	3.886852506	2.96667225
gene562	3.873586837	3.305221993	3.318439773	3.054218137	2.877361443	3.698351849	2.56325333	2.559751206
gene563	3.142382394	3.579361198	3.494530817	3.291316228	3.654126162	3.692293278	3.881821213	3.588588722
gene564	0	3.420091594	2.035173437	0.00034913	2.165551823	3.077289151	4.519466422	4.036687945
gene565	3.330211308	4.234225386	3.566632523	3.537581844	3.73899476	4.365671543	4.001090626	3.403380897
gene566	3.953460814	3.356610075	3.249678945	3.752566638	3.294241371	3.31310651	3.252775924	2.919959746
gene567	4.25E-05	2.38E-07	2.199819944	0	0.997719462	0.464155915	0.987136014	2.123302001
gene568	3.272342757	3.237071111	2.539052079	4.041724852	3.507693172	3.48095011	3.797396953	3.350952614
gene569	2.958432539	2.980709001	3.695102986	2.943831331	3.335677614	3.84082575	3.652073418	3.422437547
gene570	3.485491232	3.604284865	3.195476742	3.082380706	2.957331461	2.829703457	3.146084939	3.175730572
gene571	3.414840468	3.649408524	3.304309518	3.665745215	3.386490925	3.321462029	2.754124275	3.216088518
gene572	2.696986438	2.41906151	3.627840265	2.504541582	3.099179043	3.565255958	3.028542632	3.237219523
gene573	2.909713591	1.942713419	3.014626666	3.206741671	3.324433322	3.110197849	3.124930235	3.339926945
gene574	0	0	0	0	0	0	0	0
gene575	4.218347209	3.514993297	2.541348804	3.969878033	3.033923343	3.478700061	3.688225127	3.368919175
gene576	3.552893457	3.07639491	3.166521038	3.509252452	2.952685809	3.486701503	3.510544237	3.292460787
gene577	2.529326223	3.531568609	3.752095592	3.512871593	3.628237004	2.749010726	3.349199653	2.779335373
gene578	2.502625934	3.282218862	3.477767979	3.281730887	3.393396979	2.67613198	2.481647688	3.070233027
gene579	3.879333283	3.919969277	2.783800262	4.101700496	3.265900416	2.804869286	2.939126883	2.845080518
gene580	3.435303218	2.32525112	3.187284762	3.464812007	3.503412345	4.032003837	3.548288648	2.682869896
gene581	3.825175049	3.169678119	2.700295441	3.32527415	2.856999629	3.413803919	3.061446154	3.004499594
gene582	0	0	2.910978206	3.347828623	4.639394255	0	0	3.195368073
gene583	4.274313851	2.182110653	3.007774975	3.019269575	3.295537901	2.784212902	2.790181913	1.422254533
gene584	3.240299063	3.987184413	1.944374968	3.391814453	2.996497216	4.242907322	2.295252823	3.647498721
gene585	3.477547816	4.094176942	2.876880337	3.659696266	2.211971594	3.700262145	2.796684961	3.417139597
gene586	3.344675132	2.688921103	3.710999239	2.50373035	0.707075922	3.057155638	3.81316551	3.541886492
gene587	2.170642964	3.81521676	2.837236855	4.788414266	2.507513049	3.217604527	3.760327415	3.256079206
gene588	0	0	3.633245194	4.748783227	3.83E-07	0	0.242874405	3.245924574
gene589	2.424470672	3.095124388	3.046040475	3.800061211	2.882378939	3.896465616	3.770342781	2.432146995
gene590	3.188973711	2.888980878	2.467370787	3.974152988	2.482917964	3.138811193	3.242517146	2.727966185
gene591	3.498761466	3.8657209	3.048244906	3.479644475	2.658855838	3.449821498	3.38901606	3.096498009
gene592	1.426066119	3.968459445	2.309024807	4.469794828	3.539729571	4.00648654	2.958198653	2.402337443
gene593	0	3.027950216	4.047276628	3.096567162	2.604273002	2.031959741	4.042696862	2.213820066
gene594	0.665893898	3.510303698	3.244533951	4.361031386	3.27254581	0	2.552713972	2.894511249
gene595	1.112379869	2.312563531	2.762297784	3.565779938	3.976409464	3.319918464	4.164617353	3.653105889
gene596	3.124665607	3.040308573	3.292724335	3.746645988	2.566169754	3.847475839	3.752791401	3.513970722
gene597	2.796018317	2.093982647	2.547375792	3.066399229	2.49785503	2.422714716	3.651729096	2.207293165
gene598	3.499654578	3.904975349	2.006183106	3.435716593	3.393590554	3.774671112	3.826863685	2.72522418
gene599	2.443431608	3.69055119	3.259853968	3.058278393	3.34147061	3.23944387	3.62144239	3.399984517
gene600	3.132961729	3.641280123	2.670307836	3.552204902	4.320123598	4.138150952	3.430869995	2.935816134
gene601	3.309895027	3.395893618	3.351711711	3.260575221	3.548609245	3.683134985	3.825765279	3.301347665
gene602	2.531261673	2.621791672	2.952903821	3.038804886	2.822363055	2.624096214	3.260108481	3.095041659
gene603	4.263860713	3.227523916	3.124536583	3.367274603	2.477464922	2.758045149	2.792547211	2.894970996
gene604	2.725714985	3.624884628	3.719424417	2.060797943	3.465608848	3.048433252	1.901683661	3.516557317
gene605	3.419344721	3.212272054	2.940860205	3.645171328	2.509206839	3.273174198	3.300106148	3.362119167
gene606	3.470341629	3.72034414	3.375450975	2.81032176	3.026716859	2.937619344	3.48516918	3.844285211
gene607	2.996124771	3.096492949	2.25002473	3.612033962	2.228843312	2.562296162	1.611540681	2.240466987
gene608	3.368514144	3.391645383	2.43691338	3.734666271	2.748538518	2.732549244	3.114095453	2.963028299
gene609	2.109166627	1.394151914	3.376169505	5.281998626	3.033304938	3.572198464	3.668414171	2.829709545
gene610	3.378726624	3.432181745	3.265934912	3.241341407	2.958768451	3.174376056	3.231659732	3.441429032
gene611	3.547104291	2.734289078	3.726002846	2.333432321	2.901266602	3.826995844	3.269502993	3.631581609
gene612	4.293002553	3.466287776	3.641407302	3.299074643	4.083809049	3.652348816	2.239009971	2.521133677
gene613	3.569041395	3.568202396	2.163579238	3.824391095	2.422230309	3.342951489	3.272327825	2.746089142
gene614	3.349042504	2.591662664	3.178588768	4.456832428	3.480381464	2.041278033	2.846818224	3.316420929
gene615	3.490801149	2.489833192	3.518950515	3.336873201	3.062366977	3.560299203	2.870343017	2.786201135
gene616	3.470706048	3.86670031	3.359684209	1.031931519	8.56E-06	4.173671141	3.85028937	3.185348033
gene617	4.525561525	3.330283028	3.720081422	2.609866044	2.994880179	3.430021602	2.890180115	2.885482607
gene618	2.881782066	2.348068081	2.601563412	2.231466202	2.688672738	3.185033981	2.989756654	2.049327561
gene619	1.484261896	2.784857808	3.417305706	3.81433508	3.134795931	3.319863564	3.319008012	2.702030245
gene620	2.401048794	2.458374129	1.829358432	3.440934928	2.535326395	2.742836223	2.986485571	2.463557069
gene621	3.084433398	2.856927941	3.689791159	1.290011472	3.252877328	3.601375618	2.822532337	3.451216388
gene622	2.807925704	2.860241767	2.388128907	3.129507236	4.060462488	2.722522857	2.19839357	3.019691241
gene623	3.59645814	3.135346066	3.49036475	2.734009371	3.235697961	3.438378027	3.148208508	3.015030059
gene624	3.043953374	3.699618258	3.359970888	2.769871159	3.200476104	3.103979297	3.163149287	3.922711646
gene625	3.933402677	2.778332651	2.16812532	3.841963058	3.490698478	3.308995694	2.502154901	3.07566269
gene626	5.821740824	3.182975089	3.000466997	3.271818569	3.16278687	3.768279619	2.059770581	3.188223663
gene627	0	2.096275349	2.928233865	4.423961315	3.718657533	2.837218686	3.469846914	2.772470565
gene628	3.084475919	3.205636487	2.324061705	3.638896344	2.684969057	2.57539463	3.046794864	2.647646073
gene629	3.014112443	2.883759605	1.866631081	1.938063677	1.607612019	2.705986746	0.847737198	2.272826454
gene630	3.333346444	3.298589405	2.421271781	3.595933254	2.67868492	3.139476044	2.793785622	2.778128658
gene631	3.355646389	3.246125297	2.939702382	3.887330299	3.109584553	3.624615633	3.23651864	3.214544494
gene632	3.109437457	3.477651426	3.119807675	2.737122118	3.273815736	3.778986497	3.372415862	3.940918448
gene633	5.27931528	2.949206204	3.610203962	3.685996196	2.412198911	2.083461882	2.831080702	3.418701346
gene634	0	3.235933801	0	0	5.013073618	2.900864876	0	0
gene635	3.720880375	2.622436096	3.806891124	3.215678597	3.590230729	3.417066665	2.949400462	3.982318258
gene636	2.042976959	2.083366567	2.971712759	2.031031653	2.266354792	2.034240371	1.969104431	2.065155228
gene637	3.522432448	3.667880774	3.374090765	3.503221508	2.995849895	3.295163174	3.219966139	3.401132099
gene638	2.048926672	2.662029995	3.69309661	1.699169588	3.776588315	3.923529538	3.511430086	4.039936745
gene639	4.170686223	3.098043877	2.586236319	3.402621228	3.564487921	2.965739964	3.012211084	2.283023882
gene640	3.130054446	2.021714235	2.983584673	3.457046578	3.358407515	2.865625892	3.428153113	3.216790084
gene641	2.211404753	3.53822774	4.414216733	3.356829773	3.352015521	3.394992857	3.722619029	2.501663335
gene642	3.925078457	3.51072145	2.912475505	1.183340411	2.976174808	3.827717423	3.722892212	3.472097801
gene643	3.295786196	3.342184922	3.423458502	3.773574423	3.141463855	2.648465443	2.828123787	3.077791597
gene644	2.952288831	3.763560298	2.221295556	3.391793836	1.135482336	2.788088466	2.941870662	2.469737533
gene645	3.263470154	2.351529395	0	1.646457619	0	2.175629985	4.775187533	3.347995823
gene646	3.655947104	3.099399573	3.725577576	2.045998553	3.204032698	3.189947874	3.551712875	3.515056395
gene647	3.176501503	3.029898082	3.154398502	3.419228746	3.058099988	3.09973956	2.857994925	2.801918096
gene648	4.274448044	2.83086984	2.024011105	2.493247668	3.016291276	3.625293872	2.979105266	2.501370353
gene649	4.359998991	2.869257489	2.728612782	3.860535784	2.448782043	3.327066469	3.395459075	3.078474917
gene650	0	0	7.393707923	0	0	0	0	0
gene651	2.912103722	3.563084895	3.131416627	3.936637939	2.617413687	3.106829026	3.267393469	2.904977276
gene652	0	3.783215661	2.270815958	2.617728688	2.215737608	3.576086724	0	1.747748297
gene653	3.407964509	3.451805874	2.821779593	2.784790818	2.821677565	3.220218498	2.92301413	3.011781859
gene654	3.279755052	3.222419729	3.555693472	3.055882819	3.153526496	3.020054095	3.12526922	3.451365431
gene655	2.837475047	2.051065779	0	0	2.198371567	3.181080282	0	0
gene656	4.449488743	2.668016979	3.150881323	3.423396646	3.040396255	3.022987373	3.085436554	2.479691032
gene657	2.878152465	2.234645399	1.943550059	2.417290851	1.817786958	2.236792607	1.736574571	2.388602858
gene658	3.718931467	3.060495345	2.580152722	3.432642781	2.957173565	3.531356506	3.230459736	3.631756201
gene659	2.67893501	3.04710384	3.248800459	2.857565041	3.008456411	3.000564344	3.499692842	2.573561153
gene660	2.670434747	3.045006042	2.566157574	4.305985108	3.30288198	3.205758458	3.518459603	2.149418717
gene661	1.200874678	2.728560543	3.18964431	3.336399085	2.690939992	3.72611187	3.569551851	3.501630218
gene662	3.36618231	3.196492165	2.946880548	3.305067277	2.616101226	2.785138294	2.545049099	2.272862277
gene663	5.134023747	2.164770191	3.504048285	2.813998669	3.209921191	2.51414499	2.99245122	2.475935718
gene664	3.663401552	3.36427686	2.644232396	3.087466236	2.783685037	2.808714537	3.369995445	2.743607597
gene665	0	0	0	0	0	0	0	0
gene666	3.571688944	0	2.826520014	0	0	3.258852048	0	0
gene667	0.058190822	3.609353107	2.236370156	2.518177568	2.353966855	3.486392594	2.807062231	4.058299176
gene668	2.522899419	3.620809249	2.94387633	1.156759025	3.046356598	4.372673558	4.052607174	1.938236854
gene669	3.89181772	2.708838344	1.446420344	2.69959605	2.458628732	2.52884883	2.613798008	2.06422066
gene670	1.656189722	3.410178263	3.253765435	3.83758	1.241913384	1.606807001	4.343429143	0
gene671	3.148270345	2.149561792	2.791734903	4.07677285	3.076685642	2.724403617	3.992224599	1.705637363
gene672	2.954557404	4.135009441	2.159047858	3.38469915	2.593669289	2.590333742	2.521857315	3.087593527
gene673	3.690350044	3.442447256	2.74078296	1.840036153	3.158556776	3.204843421	2.381474427	3.472058798
gene674	2.449754161	2.534763849	3.553557109	2.018025208	3.37790945	3.230754834	2.922789651	3.400414967
gene675	3.208913619	3.104875054	2.397334763	3.423188201	2.64370845	3.141743401	3.104584916	2.923468687
gene676	4.399799999	2.507198414	3.16280459	3.107743099	2.164190931	2.055733614	2.731602518	2.195448394
gene677	3.142740172	4.026065248	2.796109713	3.519604804	3.454504938	3.393600164	2.921542967	2.841478051
gene678	2.098567781	3.223918295	2.871977663	3.435120495	2.343888167	2.778715323	2.785713748	2.538860934
gene679	0	1.033454718	3.750724402	2.087327052	3.388916902	2.866722067	3.870759249	0
gene680	2.154456833	3.480407316	2.595448759	3.626859618	2.317503786	2.549654386	2.463303334	3.42722936
gene681	3.578588561	3.702435914	3.10202986	2.898591472	3.038451985	3.288791158	2.896626423	2.617329048
gene682	3.149686972	2.945987803	2.969296028	3.262807464	2.407453369	2.842140116	3.119656638	3.663299072
gene683	3.144610934	3.369155157	2.780501186	3.417119338	2.490521355	2.896459804	3.281003809	2.903541583
gene684	3.069499392	1.968503682	2.608974788	3.944689809	2.472661924	3.44529632	3.372652666	2.128270302
gene685	1.660746113	1.664455534	3.281126993	1.938752498	1.913875539	2.259905175	2.932008241	3.532329429
gene686	2.101639992	2.442025185	1.931176229	3.704761324	2.5234641	2.621981514	3.060991573	2.870654709
gene687	3.098579571	3.425730523	3.612942196	2.738981794	2.937841528	3.150265584	1.713682619	3.125108832
gene688	4.335326035	3.344354147	3.490531624	1.675599172	3.217261742	3.175987594	3.209829197	3.749523541
gene689	3.60086441	3.650213105	3.59489485	3.59812696	2.552369693	2.891671928	2.672665205	3.160904058
gene690	4.372736235	2.378117603	2.867246117	2.750518611	2.39239986	3.429566423	3.298926597	3.159199671
gene691	4.207455605	2.327023342	2.354635518	3.138286957	2.542121823	2.95476583	4.027561035	2.320086041
gene692	2.76278039	2.995003239	2.833675436	3.333685628	2.513922731	3.254988523	3.300956878	2.768436311
gene693	2.87578596	2.914254521	3.477236941	3.229764788	3.668436864	3.135024222	2.988170223	3.272962278
gene694	2.774049054	2.692277654	1.600355399	2.689504926	1.845469979	2.621737761	2.970704593	2.442863897
gene695	3.060946625	3.310151045	2.281220487	3.773743199	2.385304019	3.276039516	3.441844639	2.414208613
gene696	2.996186249	3.048672137	2.889804487	2.954356394	2.445994139	3.136150363	2.789261838	3.065162123
gene697	2.489666238	3.57142198	2.729631075	3.368624491	3.03177276	2.880368156	3.097019103	2.547953179
gene698	3.833051992	2.973543318	3.622086971	3.37550519	3.41509205	3.157926525	2.66211661	3.054527264
gene699	3.2238905	2.881040034	2.869993764	3.511025194	3.010957032	3.105121541	3.306520362	3.045556551
gene700	3.258499327	2.896624486	2.592134077	2.879080332	2.911647486	3.474578813	3.340784424	2.917441303
gene701	3.465151698	2.143321576	2.647164821	1.942176664	3.004253281	2.464712697	3.206114931	3.625843245
gene702	1.355134698	0.098444218	0.749013302	1.125637878	0.976582865	0.527994125	2.34356985	0.829959939
gene703	1.743829453	2.064379338	2.914560697	2.712375673	4.97020945	2.292731696	1.281134413	1.797498638
gene704	3.345272881	1.223385478	1.103584921	1.931490181	0.359627991	2.247064676	2.51279576	1.804702048
gene705	3.769623654	4.00362922	2.837315583	3.260302723	4.136823001	3.371823681	2.524610352	2.964653692
gene706	0	2.88570711	0	0	3.05683147	0	0	2.064027463
gene707	0	0	0	0	0	5.976452999	2.518557799	0
gene708	2.801733964	2.673217192	2.49904477	3.016250263	2.269541891	3.652796225	3.306534943	2.724944892
gene709	2.534360472	3.400024151	3.224955564	3.518371473	3.003271206	3.220848427	3.042306385	3.180168553
gene710	3.155333135	3.871577553	3.460834285	1.80604766	2.837606237	3.151405874	3.377433361	3.290458318
gene711	1.1657126	3.308238539	0	2.484602194	0	1.235451359	1.831313832	0
gene712	3.461947582	2.972299305	2.403273177	3.973620459	2.610990556	2.370245203	2.567350739	2.682995707
gene713	3.323796617	3.412026792	3.020932394	3.234999403	3.283864004	3.309314454	2.938590674	2.908174984
gene714	3.626170432	1.362279107	0.643935594	1.341177384	2.018181926	2.223261898	2.026081188	2.274330253
gene715	2.796329871	3.15538819	2.844048141	4.178881924	2.68834152	2.638806007	2.384469841	2.407167813
gene716	3.921931363	2.332856849	2.96034304	3.196748663	2.437312977	3.095149713	2.996896674	3.013998146
gene717	3.65382818	3.495516094	3.115424503	3.177464986	3.388498161	2.839673438	3.42451367	2.834211626
gene718	6.478340892	0	2.44E-09	0	0	0	0	0
gene719	5.35E-08	3.325277028	4.068387058	0.31709448	2.05882213	3.64859199	2.70124962	2.949615236
gene720	3.88563293	0.671520743	3.841832263	2.754353072	2.54370621	3.210783151	3.953526	3.043612229
gene721	3.409758861	2.910124376	2.086855084	3.442924923	2.760791523	2.732516684	2.946452024	2.232924715
gene722	2.041971857	3.643694599	0.194588881	0.172022757	1.303079318	1.794224534	0.052358296	4.96E-08
gene723	3.98325814	3.972628329	0	2.408391227	0	3.752234781	1.180026889	0.268326592
gene724	2.157101934	3.353406575	2.497985285	2.911520941	2.913220699	3.001144685	2.942929191	2.397255346
gene725	2.907352184	3.843632169	2.799648936	3.448484729	2.707372385	2.999377704	3.092593098	2.549181208
gene726	0	0	0	0	7.228241497	0	0	0
gene727	3.498314702	2.927608265	3.249273907	3.309973583	2.870155575	2.951541171	2.934676897	2.633996088
gene728	3.359418559	1.163775652	0.339818085	1.733792506	0.836940473	1.885191677	3.278137933	2.488592129
gene729	2.595181381	2.57106757	2.59783863	2.981366803	2.803638291	2.903946419	2.866635037	2.982435092
gene730	2.294844211	3.352565042	2.672714983	2.324611895	3.092872129	2.566038203	3.248103663	1.928885716
gene731	2.199983227	1.102389385	0.574111199	1.229630988	0.5684038	1.643288233	2.322098323	0.933205497
gene732	3.425866113	2.864980461	3.060877473	2.521618655	3.24157175	2.760484973	3.050517369	3.224588283
gene733	2.34031444	3.231744201	3.383509386	2.621402534	2.95915623	3.386707499	3.060114846	3.11479344
gene734	3.855192408	3.439524738	2.229538704	3.984598464	2.619793297	3.165532529	2.789080258	2.460375619
gene735	4.341252831	3.120278941	2.364628458	3.275680545	2.889366456	3.128756956	3.676267408	2.837882708
gene736	3.500139179	3.341880458	2.662358194	3.825154692	2.640155841	2.896971226	2.926039282	2.865372506
gene737	2.502552107	2.271327063	2.360102966	3.711792225	2.159177062	3.327730472	2.748489142	3.7106687
gene738	0	0	0	0	0	7.213755534	0	0
gene739	3.046922303	2.683188896	2.633266122	2.773213598	2.341527541	2.886292605	2.647001297	2.526564653
gene740	3.045051489	3.426971837	3.257488922	3.37425634	3.196359965	3.437348935	3.419095228	2.992728557
gene741	3.497957192	5.05E-10	0	5.885701253	0	4.52539239	0.011722774	2.79759409
gene742	3.044137034	3.406114847	2.552517251	3.310511721	2.584272246	2.930576504	3.131500589	2.761778854
gene743	3.09308179	3.395737362	3.387533492	3.394136819	3.222809197	3.966910301	3.508035598	2.734161156
gene744	2.466749786	3.694724217	3.203613072	2.906865589	3.088160258	3.323080348	3.532491519	2.843143702
gene745	3.51186016	3.23641455	2.695715489	3.137272346	3.210050596	3.270533427	2.871510529	2.856475828
gene746	1.035138238	3.446434901	2.646215663	2.914914631	2.987571906	3.829108746	2.987868368	2.747142454
gene747	3.320665184	3.990138009	3.32375051	2.458400379	2.91899677	3.370974697	3.16213429	2.612000924
gene748	3.506513085	2.382044671	3.173407308	3.43373932	2.262412109	2.626163421	2.897881266	3.329113548
gene749	1.952490129	0.377265929	0	1.156254217	1.256871775	1.970588645	1.638249963	1.728499594
gene750	2.299505503	2.812629653	3.149854403	1.525447518	1.780163092	2.922572748	2.809743695	1.736873259
gene751	3.286567741	2.886540393	3.09384071	2.617987219	3.312178676	3.305105228	3.138418034	3.176043463
gene752	4.560849437	3.60916396	1.937796341	1.949658187	1.248504476	1.61066227	3.4190723	2.170998608
gene753	3.519956991	3.176870063	2.959083877	2.8197254	2.335257424	3.546598176	3.538687143	2.992090422
gene754	0	0	0	0	0	0	0	0
gene755	2.905528048	3.031241672	3.005978387	2.775221252	1.822946281	3.561411681	3.023709561	3.059601013
gene756	2.228895632	3.515762906	2.235598406	3.339432451	2.198129505	2.67160362	1.822318182	2.481781998
gene757	0	0.906893673	5.021848349	1.735764772	3.115292985	5.77E-11	0	2.956881876
gene758	0	1.987466402	0	3.173613581	2.60224782	3.477146256	0	0
gene759	3.138118178	3.481970527	2.420037681	3.390524619	2.66930575	2.952710035	2.916654343	3.022854252
gene760	2.667558371	2.746738417	3.377699879	3.892944681	3.612871445	2.641973688	2.79480885	0.921530019
gene761	2.78E-08	3.267254123	3.417474496	0.00311466	3.90108893	2.755949362	2.32962881	3.208854328
gene762	1.44E-10	1.166696166	1.222520197	2.210435623	1.590237917	0.856191342	2.027720258	1.6236047
gene763	2.915019838	2.656862432	3.509037042	3.724584792	3.681820293	2.598207968	3.741596419	4.67E-05
gene764	2.538553062	3.241205624	2.768239384	3.210906247	3.155954809	2.955394646	2.994753489	2.925948164
gene765	4.458034151	4.496481524	3.218185991	2.573636282	2.681179367	3.221886359	1.943565062	3.295831737
gene766	0.000523792	2.295975694	2.66863655	3.300388805	2.240869927	3.332034758	3.372946528	3.004753055
gene767	2.848044996	2.384831746	3.392677365	3.024805461	0.046934522	3.822577204	0.040922161	3.10577193
gene768	3.585563498	2.678331116	2.660721017	3.058714784	1.737500735	3.28584014	2.746314916	2.012790335
gene769	2.716648557	3.377530535	2.713132702	3.650040733	2.94387258	2.749506379	2.733946483	3.037935647
gene770	2.405104693	3.065136266	2.930375909	2.905603137	2.668507211	3.394153286	3.267306567	2.770814249
gene771	3.261297618	2.968135	2.334788496	2.137280545	2.261293105	3.385304019	3.374451109	3.445477759
gene772	3.295990383	3.125421323	2.236079267	3.596267294	2.877339846	2.763927793	2.974971598	2.932235071
gene773	2.668321124	3.894623774	2.286674189	1.44E-11	3.316730813	3.547116633	0	1.650153352
gene774	2.935233425	2.883491789	2.868293645	3.017098803	3.151290587	2.92769359	2.725651735	2.998249671
gene775	2.560365242	2.923036956	2.855698738	3.60805222	3.318944404	2.948412089	2.745476148	2.727966185
gene776	3.125894065	2.890324112	2.380491196	3.705657267	2.252200668	2.921800006	2.771188354	2.549218181
gene777	0.00072551	3.338060664	3.038190327	2.959219304	3.791188942	3.980354395	3.107279438	3.001004127
gene778	0	0	0	0	0	0	0	0
gene779	2.652803107	3.121492904	2.853476742	3.013431887	3.171603962	2.811662144	2.755084123	2.608321955
gene780	2.392001369	2.322179102	2.541306672	2.649553382	3.024186681	3.131359003	3.055294584	2.995813723
gene781	3.891185848	3.041321845	3.037631729	2.577404657	3.277498313	2.394341272	2.918901391	3.833082361
gene782	2.789549816	2.479885007	0	0	0	0	0	0
gene783	3.423820168	3.185252873	2.91740884	3.002610718	2.591782326	2.790761614	3.105818854	2.930877343
gene784	0.988630886	2.316163124	2.985489501	1.753886887	3.030959287	3.531992722	3.181503332	3.093791705
gene785	3.164401744	2.568129417	3.168305068	2.507670341	2.876340129	2.602692037	1.901386326	2.413932513
gene786	3.224296552	3.712419697	2.531823092	3.767633613	3.097283794	3.031518709	3.10203322	2.689084418
gene787	2.360659247	2.174144319	2.453691403	3.686422087	2.418486824	2.864322854	3.461646422	3.240172343
gene788	2.519091464	3.074061805	2.780358398	3.551159145	3.006640926	3.699995744	3.30026579	2.009838021
gene789	3.960261478	2.069492517	3.243542657	2.379238337	2.781668155	2.883872973	3.760582906	2.644730775
gene790	3.271225454	3.215579204	2.116115191	2.605842757	2.39277077	2.318846094	3.051753173	2.515873897
gene791	0.570242381	2.673954354	3.77139967	2.121705076	2.156794613	3.365461587	2.657548548	3.545708957
gene792	3.176807845	0.435272276	1.888612731	1.73E-05	0.813634683	2.124969925	2.385762336	1.952855377
gene793	0	0	0	0	0	0	0	0
gene794	3.123426169	2.99282099	2.759652274	3.205237662	2.794347239	2.932716965	2.953317395	2.370585586
gene795	3.418376177	3.118487642	2.388539489	3.081958231	2.345561018	2.783282724	3.152585825	2.541708111
gene796	3.226651867	3.036265942	2.359006634	2.773234702	2.340032377	3.355248893	3.173802239	2.532593751
gene797	2.91224938	1.85146722	3.181113685	2.347002261	2.908194203	2.583966698	2.992982282	2.999309144
gene798	2.732345186	2.897894815	3.032300126	3.230854723	2.921253507	3.210496408	3.151485434	2.897403083
gene799	0	0	0	0	0	0	0	0
gene800	1.615675243	1.708619869	1.778679584	2.95157847	2.778778391	2.936347722	3.404345932	2.508623872
gene801	2.821612264	3.485298009	3.215041745	2.591179126	3.148646187	3.214202535	2.788255552	3.168791239
gene802	4.250756975	2.899504357	2.82581208	2.855589114	3.421394325	3.171871326	2.069152202	2.591665057
gene803	3.243279111	3.07261177	1.276943251	3.989656758	2.897976109	2.845819199	2.502037755	2.482729559
gene804	3.149613816	2.973587399	2.516393427	2.998886892	2.638514111	3.196308025	2.893841735	2.699833659
gene805	4.437334286	2.200118236	1.887384894	2.70495162	0.688973455	3.212718736	1.517457121	3.2347159
gene806	3.504035569	3.491186096	2.894026125	3.121822753	2.774110218	2.697602589	2.972056625	3.342295879
gene807	1.597359542	1.66886797	0.874209147	3.313498374	1.383143001	1.837547708	1.964346875	1.471478832
gene808	3.204048354	2.8746042	2.59742629	3.339745983	2.375587204	3.333492432	2.791372341	2.775208608
gene809	2.453549185	2.72943313	2.821777553	1.995053907	2.75189428	2.811300445	2.387847769	3.114270398
gene810	3.481996351	0	2.640542267	0.929061514	3.566522933	2.463277173	2.079569263	2.633084736
gene811	3.694456792	3.457788634	2.994185056	3.04463892	2.82337845	3.650488859	2.105979725	2.551698112
gene812	2.683667263	2.802141507	0.134876872	3.109633024	0.81340812	0.160406508	0.345065897	2.257526636
gene813	3.359872525	3.062639828	2.811425817	3.37875159	3.017601273	2.30268169	1.938654653	2.713799175
gene814	3.463805528	2.923164397	2.600148414	3.712617789	2.411114351	2.531695856	2.539501294	2.142567012
gene815	2.479168464	1.932873782	2.599810511	3.109084699	3.490390424	3.221758011	2.732857447	2.049696977
gene816	3.801210402	3.742502119	2.727831168	1.829532984	1.654394294	3.610522903	3.419420235	2.760778752
gene817	3.091144649	3.234746552	1.787925538	3.980738243	1.748225058	2.483217297	2.723230887	2.581283751
gene818	2.832278384	2.599751013	3.131115312	3.125209696	2.841944949	2.806740615	2.602214558	3.099498884
gene819	3.966255103	1.647383591	2.550610127	3.697184436	1.691525232	2.739273502	3.59547979	2.760180487
gene820	0.234994193	1.10435679	2.910985879	1.88792683	3.421056294	1.693065378	4.549687651	3.568287534
gene821	3.015254911	3.401711008	2.769409962	3.163241085	3.409481908	3.230427456	2.811563508	2.555308178
gene822	2.846784132	3.111558868	2.515667042	2.879707726	2.757360405	2.884502194	2.345120982	2.808862781
gene823	2.882241973	1.847736396	2.009440339	2.709449456	2.949378049	3.116359766	2.540421625	1.808492142
gene824	2.923025543	1.959395525	1.100802765	3.520095326	3.288662722	2.685911003	2.793808507	2.61234778
gene825	0.000190019	7.77E-05	4.14477243	1.94418753	3.195404297	3.4169397	3.316937848	3.32804081
gene826	2.823223537	3.100575722	2.403954816	2.729683276	2.709330342	2.23114974	2.443352036	2.417220628
gene827	1.569179965	1.554048507	2.900944072	2.736297472	3.290853433	3.723842486	3.436201825	3.743751915
gene828	2.215420783	2.976823685	2.236970121	3.329136516	2.01691345	2.19857273	2.957227437	2.651207867
gene829	3.110563697	2.850817422	2.062715803	2.759535104	1.75908764	2.899840741	2.828097377	2.180940298
gene830	1.441982706	3.212242478	2.274327271	1.252221866	1.363754206	1.257873563	2.42516386	1.130746404
gene831	2.758151778	1.783360262	0.341727348	1.768658616	1.73986538	2.841518307	2.466786323	2.267901294
gene832	2.094303642	1.552844285	1.616814055	1.433076955	1.477889702	1.99808355	0.76996042	2.276803336
gene833	2.331845639	3.428193321	2.739489544	2.971843327	2.812309276	3.640516817	0.57968703	2.518582976
gene834	2.716415896	3.055277229	3.054011436	3.276175038	2.982329212	3.362002708	2.942621472	2.954213064
gene835	0	0	0	7.029055273	0	0	0	0
gene836	2.245130531	3.456773301	2.401182626	2.803493642	2.037104551	2.982796488	2.861042228	2.934771239
gene837	2.739917212	2.524088757	2.482528222	3.15480191	3.001178921	2.601140247	2.61143445	2.732440706
gene838	2.350208679	2.571043293	1.729457059	3.147016828	2.650491156	2.006488336	2.952473356	2.778534513
gene839	2.419514622	1.063675503	0.653115063	1.04722427	1.86748929	2.013351485	2.213748536	0.306655383
gene840	3.554134485	3.063730718	0.48804706	3.450614785	3.585527446	2.287945039	1.988830085	2.822740344
gene841	1.923658836	3.038641614	3.429089669	2.690115338	2.549183673	3.520459966	2.552254095	3.009531708
gene842	3.939583916	3.621653376	2.676335118	2.338435825	2.365087789	3.0762136	2.58348298	2.514978153
gene843	3.289257567	2.788572963	2.724242069	3.166498542	3.19675181	1.933818102	3.189577896	2.306720119
gene844	2.511718503	2.636220899	2.886198941	2.969890923	3.495490511	2.652419952	3.11309536	3.057098437
gene845	3.657948631	3.768597221	2.238780746	1.677850976	0.246007908	1.508241014	3.013571239	2.82831677
gene846	4.831274304	0.867637942	1.800872987	0.931435717	0.715076271	8.35E-07	0.198171004	3.137590411
gene847	2.926768018	3.828895564	3.271217982	1.568693695	2.926859085	2.274148329	2.675928814	2.621374399
gene848	0.000649055	0.001681952	1.874926773	2.90561854	2.391465294	3.756799142	3.366631355	1.796037012
gene849	3.241002689	2.583942636	2.67333254	2.693098841	2.12498977	2.954261463	2.891168346	2.64878754
gene850	1.670069847	1.120743419	0	1.466480951	0	0	1.760591421	0.52159956
gene851	2.203097767	3.299125943	3.18083212	3.372672166	3.51148069	2.397112931	2.840521645	2.659504472
gene852	2.97465045	1.706433301	2.222430549	2.992003382	2.68170787	2.441119573	3.757546022	1.710895678
gene853	2.371182458	2.869543753	1.887996994	4.017636903	2.779759796	2.113737166	2.703417473	2.591823009
gene854	2.513341668	2.690955631	1.769771739	2.286819063	1.887700723	2.673133503	2.851890931	2.022765498
gene855	2.508532604	2.330254341	2.050623586	3.256254363	2.125016229	2.521279439	2.490295427	2.619401272
gene856	2.813914554	4.462196319	2.850373391	1.938026027	3.02605108	1.833525672	3.108745235	3.535816577
gene857	2.563285062	2.955582493	2.167768967	2.739489544	2.998040211	2.816892516	2.201241771	2.550321993
gene858	3.522256668	3.298668579	2.176699356	3.722608101	2.884853813	3.015954227	2.698687445	1.56437329
gene859	1.712736632	2.923111139	0.850882615	0.656991447	2.540672071	2.299414652	2.93554461	1.22579317
gene860	2.933610405	2.146404325	1.98299175	2.938904898	1.954951899	2.433247917	2.435580592	2.588233707
gene861	2.542183746	2.500279428	3.035328303	2.862697358	2.532758304	3.068239141	2.638720298	3.134393461
gene862	1.518827173	3.133037379	2.902910968	1.77876788	3.596887449	3.371427829	3.131024741	2.776165064
gene863	2.907079095	1.990911307	2.912757153	3.722411376	2.251909925	1.681705622	2.344419486	3.428358163
gene864	4.280072912	2.63840753	2.228701731	4.283106879	2.398262799	1.686047758	3.443964629	2.554571662
gene865	4.023734397	1.979699789	2.386333647	2.782488246	1.399996817	1.154187843	2.9899764	1.628349005
gene866	2.231054481	2.731971728	2.502554653	3.145504647	2.239297214	2.476231318	2.900014702	3.259945839
gene867	2.956296462	2.922888578	1.926029791	3.288912203	1.687710203	2.411564543	3.020959055	1.512596048
gene868	3.529658556	2.783360262	2.482670193	2.578648938	2.263488182	2.875715199	3.740139636	2.301420834
gene869	0.765550871	2.890384431	4.35590428	2.368695724	2.675066167	4.107570708	3.790959659	3.517275693
gene870	2.149990935	0.587900681	2.824297399	3.16466562	0.911087153	3.660974239	2.655871563	2.745893442
gene871	3.040234917	2.789082345	2.653555357	2.992701369	2.596255366	2.791059714	2.496556941	2.895800886
gene872	2.548737463	2.566050384	2.021383781	1.532481544	1.974639438	0.990329739	3.38403046	2.824024424
gene873	4.228210707	2.337123049	0	2.2210078	0.575620202	3.284249082	3.209205357	2.578322871
gene874	3.464093165	3.542097053	2.378189755	2.557042415	2.241013371	3.004156183	3.307902059	2.549373456
gene875	3.956595703	3.220597726	2.499322915	2.888860121	2.467639457	2.727007729	3.403536328	2.340556572
gene876	3.184121573	2.188942071	2.695323517	3.642990313	2.737799231	2.399890211	3.361730467	2.637260136
gene877	2.533765162	1.3591388	1.52084965	0.968945238	0.006565128	1.819324838	3.767506496	2.855870132
gene878	2.747711782	2.887575959	1.819161312	3.790063025	1.969531805	2.338615525	2.594622593	1.442593227
gene879	2.664196093	3.335520415	2.90470181	2.701471431	2.741721525	3.736778032	1.851986848	2.616538846
gene880	3.070330932	2.86620772	2.910112861	2.340710376	2.609743145	2.838318496	3.092960055	2.571312754
gene881	3.382029449	3.241658691	2.108939224	3.293333695	2.433565746	2.696554752	2.580953457	2.254606136
gene882	3.272789137	2.640618615	2.052652382	3.22422554	2.638131776	2.053733473	2.363014041	2.40695837
gene883	4.097324252	3.731400499	1.673171956	3.145142662	2.709811147	2.062629468	3.404602075	2.089013329
gene884	1.985795497	3.734785478	3.377050155	3.48350625	3.180490031	3.205270511	2.402149132	0.97665911
gene885	2.265793925	2.991618892	2.109955569	3.493058045	2.347316986	2.809183924	2.46694029	2.25430983
gene886	3.334087679	3.093871127	2.749420564	2.999673553	2.605518039	2.967218418	2.416847847	2.646586646
gene887	2.944508034	3.291397276	0.3643371	3.501757586	2.862124033	2.192216263	2.780433993	2.812498225
gene888	2.952598223	2.62877826	2.521668902	3.108619797	2.671626264	3.142269651	2.956958055	2.155532294
gene889	2.723940754	2.894059118	2.257780052	2.845309389	3.329707734	3.324814923	2.553195825	2.726236146
gene890	4.410707431	3.209791774	2.234924318	1.734616418	2.371162938	3.302661221	2.720387922	2.191221518
gene891	3.217533185	2.851239324	1.550092923	3.418315453	2.095154777	2.812303115	2.703716461	1.997462233
gene892	3.756777797	3.057640886	1.41735837	2.732629557	2.150676647	3.193446903	1.482755369	2.353487032
gene893	4.433199836	1.803574234	1.546896929	3.243880778	1.921097326	1.257517585	2.644848423	2.794686184
gene894	1.770871322	2.540210819	2.936266677	3.049865971	3.314766121	2.718118279	3.133680239	2.763133207
gene895	1.288931392	1.760940517	3.58491441	2.056670226	2.281656712	2.653697506	3.033488197	2.568277804
gene896	2.416283089	2.566030894	2.596221965	2.685283107	3.146052344	3.022761948	2.823549651	2.966369554
gene897	2.505931568	2.416737075	2.375145109	3.406508099	1.979783917	2.180402507	2.63803212	1.757923583
gene898	2.066206324	2.315583619	3.16843826	2.414636194	2.692491922	0.931497745	3.244342141	3.681966429
gene899	2.282338976	3.055683297	2.344638208	2.982049869	2.510166953	2.572276089	2.389850367	2.356518524
gene900	0	1.65230292	1.142419973	0	1.978689869	0	2.929457738	1.697026484
gene901	2.859534289	3.201483311	2.8032043	2.701116516	2.715333312	3.209132038	2.913075139	2.678297309
gene902	2.608187094	3.366544634	2.507817469	2.105077947	1.08E-09	2.217652604	1.887201603	2.430172851
gene903	2.342369846	2.773181943	2.826229152	2.892118977	2.962739642	3.088251865	3.210387306	2.349716283
gene904	2.766465833	2.520955224	2.999576146	3.051954979	1.824474601	2.569464357	2.237603487	3.611915967
gene905	2.22992318	3.184062842	2.935414486	2.682469923	3.010002794	2.29986885	0.857758106	2.39985194
gene906	3.592301547	2.962832167	1.597574079	3.387905655	2.324421801	2.846697896	2.22763635	2.451411591
gene907	6.096219678	0	0	0	0	0	1.007583039	0
gene908	1.069193457	0.39372261	1.05E-05	4.012184261	0.000254995	1.099746292	0.026993208	0.958511606
gene909	3.009191284	2.791380677	1.59424278	3.37870998	2.008296841	2.771866568	2.756000619	2.132339938
gene910	2.002389287	1.90515447	2.574661034	2.375592764	2.060120036	3.096013847	3.700661654	2.596973296
gene911	2.39475009	2.670801821	2.855092716	2.844060196	1.948249475	2.747215512	2.480153942	2.778408353
gene912	2.622363467	2.368109	2.035979262	3.093157869	1.913504117	2.555524152	2.644633881	1.905508794
gene913	0.000293347	2.722949028	3.077478871	1.89914082	2.650206211	2.780524282	3.500878519	2.899674492
gene914	3.138187003	3.37117967	3.083448266	2.554345722	2.912136304	2.880994991	3.034596063	2.348365576
gene915	2.391998621	2.505250719	1.634630439	2.848868272	2.717357281	2.978494024	3.839113066	3.733256711
gene916	3.68496457	2.782031066	2.118691953	2.485006839	2.506340432	2.879913531	2.345535472	2.736743402
gene917	1.333280602	2.647422736	2.35776593	2.038801375	2.900308455	2.452052411	2.667426665	2.905054319
gene918	3.109500977	2.921398244	2.233743906	3.220079164	2.469714093	3.058761532	2.77422621	2.570870908
gene919	2.470836175	2.863565838	3.081973565	2.565248645	2.900408936	2.783900815	2.968009627	2.571912184
gene920	2.800415384	2.431679115	2.606330883	3.004289242	2.82452348	3.239255965	3.021001711	2.789053123
gene921	3.036631685	3.637018952	3.213473269	2.347696834	3.025289307	2.859114806	3.143863573	2.348501554
gene922	0.000207823	3.233079691	2.594885298	2.491417016	2.903664973	1.890127572	2.605079434	2.853315045
gene923	3.946468868	0	3.017587021	2.039534993	2.385384097	3.426213756	2.559019403	1.932151904
gene924	2.768455367	6.26E-06	1.239544687	2.990421237	1.983046492	3.824981645	1.291114326	2.091581368
gene925	3.792626335	2.13251104	2.286115252	2.626453155	2.179421874	2.665924815	3.466091964	2.737595914
gene926	3.240251735	2.926282235	2.129276422	2.802685407	2.465838675	1.953317395	2.258868627	0.798303561
gene927	2.381532569	2.832531574	2.396647248	3.091168351	2.286892973	3.017494379	3.163453647	2.59589746
gene928	2.624987534	2.132004257	2.629531482	2.494617855	3.12997864	2.739117932	3.805767084	2.441969431
gene929	1.909569596	3.237288369	2.960142834	3.863978084	2.586358834	3.332500285	3.672889193	2.478231506
gene930	2.580410839	1.435159175	2.823188883	2.47121608	1.993083759	2.52031915	2.379609873	2.122533577
gene931	1.837462936	2.999729469	2.27765155	3.530133184	2.427287028	2.378345149	2.914011448	2.33450821
gene932	2.291798026	3.682910336	1.909703991	2.37529527	2.919841554	3.075787605	3.095212177	3.290927136
gene933	2.211523122	2.132399168	0	0.840519631	1.668772684	0.619973545	1.008752198	2.481877557
gene934	2.173322552	2.040436586	3.819085675	3.468035849	3.329547012	2.82827005	3.545622476	2.785847639
gene935	8.37E-06	2.761455493	2.575595517	2.237725844	1.866563826	2.407170533	3.795496833	1.623717061
gene936	2.835230848	2.637461866	2.651375508	2.910540801	2.806528227	2.889633184	2.375945785	2.756835428
gene937	1.36E-07	2.249518157	1.598641521	3.052690634	2.577735765	2.437371575	2.836457409	3.374282774
gene938	2.305882994	2.439056586	3.382293736	3.54963221	3.105758523	2.604042849	3.432236543	1.516948057
gene939	2.654435541	3.443069519	2.098581256	1.786679994	3.341070612	3.33982008	2.592732095	2.908361395
gene940	0	2.90302284	1.3436807	1.942420668	0	2.436814796	0	2.261130596
gene941	3.382466672	2.068306222	2.44122052	2.193131455	1.27223226	1.990548308	2.407344593	1.829167619
gene942	5.071131953	2.813259931	1.339393968	3.117557083	1.690877433	2.443420999	0	0.960997963
gene943	2.643685365	2.567260677	2.426833668	3.03641014	2.840962677	2.570103427	2.307705379	2.831214503
gene944	2.495234655	1.768273266	2.390268716	1.951677308	2.925680472	3.03267569	3.022923477	2.142256579
gene945	2.378544916	2.56778393	2.865505143	2.923634118	3.004114824	3.183812017	2.907621376	3.162524262
gene946	2.725091088	2.454699696	2.470214061	3.122063047	2.433803404	3.211549599	2.656134793	2.550321993
gene947	0.105608355	2.698591886	2.296219508	3.03572595	2.906211407	3.041455025	2.397321071	3.100858259
gene948	3.161544296	0.808313378	2.627165558	3.264830645	4.019915368	2.768262678	2.749527832	1.280077368
gene949	4.091564443	2.694269564	2.06904906	3.240894344	2.583369848	3.124142823	3.169676516	2.726026832
gene950	2.674413194	3.476666828	2.82822536	1.883734194	2.691592229	2.610014926	0.245555292	2.805164486
gene951	2.703499424	1.727088351	1.566420642	4.680712549	2.064137865	1.535087464	1.481273105	0
gene952	2.803617627	2.29033003	2.764995757	3.074599626	2.600598034	2.564931726	2.888727665	2.517966006
gene953	2.226862995	3.140886609	2.657665155	3.104512792	2.674880924	3.016079069	2.312139458	2.792076545
gene954	3.313591244	3.113173726	2.738181994	2.874366158	2.661526156	3.322996736	2.756423422	2.401305523
gene955	1.802486897	4.371119715	0.00024123	5.631575788	0	2.758552631	0.000360779	8.47E-06
gene956	1.457935687	2.784799192	2.976380134	2.000457983	2.177423525	2.88211478	2.000573357	3.1985523
gene957	2.894449162	2.32707222	1.997866842	2.338127715	2.123997204	2.384561016	2.273435323	2.388933429
gene958	2.07971261	2.623639814	2.357442215	2.971508607	1.98191109	2.695419292	2.647940731	1.976656911
gene959	1.695842411	0.397241105	0	1.078486872	1.236510987	2.460493576	0.958580647	0
gene960	3.372564914	2.607855803	1.844325389	2.782574214	2.215367972	2.328402786	2.037136187	2.31016559
gene961	2.300267255	3.242338788	2.763182085	2.739480903	2.864257473	2.639931342	1.30896658	2.725204544
gene962	1.556169425	3.180060316	2.502445178	2.61733375	2.233302153	2.931843768	1.734642428	3.016959791
gene963	2.690750073	2.031539882	2.221552322	2.552308206	2.204275337	1.882150004	2.143657899	2.390158636
gene964	2.535189512	1.617331399	0	0.313406078	0.519199683	1.821604101	2.195423196	1.784118654
gene965	3.380209952	2.257463276	1.883468328	3.366586597	1.775547864	2.534096474	2.534004312	2.008694838
gene966	2.771606729	3.200653436	2.540999322	2.157034006	3.458059094	3.137028012	0.525008442	0.022903952
gene967	2.108848922	2.174898526	1.757343336	2.318762236	1.662561002	1.730757323	2.506530857	1.437201101
gene968	2.159512939	2.008540672	1.981998742	4.020573317	2.749686574	2.850323379	3.141382106	2.237701373
gene969	9.84E-06	0	5.18E-05	4.012166379	1.76E-05	6.21E-06	0	0.162795247
gene970	2.005949652	1.317570352	2.494679291	1.750199149	2.388396212	1.90979998	1.6047498	2.888281513
gene971	3.27867321	2.915128863	2.366702686	3.138979891	2.391424049	2.668963249	2.836616967	2.500307476
gene972	3.167444641	2.229769402	2.687584802	3.28057481	2.308256016	2.820507808	2.802319383	3.012486436
gene973	2.743030182	2.598562919	1.1626161	2.331581977	2.972867237	3.751292319	2.241345984	2.995643704
gene974	3.487975054	2.626555949	2.301795403	2.791207699	2.966788512	2.040282268	2.79876598	2.411233693
gene975	2.312909087	3.318995002	3.567058626	2.623365904	0.000278891	3.416347953	3.873695101	2.932151904
gene976	2.606008644	3.120643901	2.583776599	1.887505775	2.341908915	2.98327091	2.441948191	2.828668136
gene977	3.252523143	2.964807076	1.631616529	3.45968079	2.202546234	2.597140205	2.810720716	2.455893994
gene978	3.407994411	2.99414341	1.894689734	2.794582222	2.570618365	2.605240667	2.645946006	2.255401025
gene979	1.716723176	1.937122132	3.058936392	2.215212635	2.107644353	2.554269582	2.58736019	2.967336482
gene980	0	1.203883964	2.237787019	1.997249045	1.289185254	3.420134723	0	0.940860581
gene981	2.822624109	1.313332933	0.257281023	1.33650049	1.813656024	2.038106024	2.067256655	0.788072592
gene982	2.413964998	2.924193021	2.669770605	2.812861677	2.547259794	2.926870467	2.676734538	2.639023733
gene983	0.823334424	3.812600905	2.277919304	0.726632451	2.976495617	2.499873944	2.649643048	3.16060884
gene984	1.799394053	2.583136336	2.536020564	2.586740728	1.652211123	2.43372864	2.659449669	2.500725583
gene985	3.069353307	3.234588689	2.438758591	2.934771239	2.126711906	2.174438379	2.374321729	2.615649351
gene986	2.681966429	2.68600068	2.199176051	2.745308336	2.260022644	2.758367144	2.685740601	2.119518865
gene987	2.816138872	2.610619753	2.070090453	2.769454396	1.324764529	2.712989689	2.516509412	2.982679683
gene988	4.077559195	2.34790089	3.060669995	2.799014755	2.901625744	1.303465147	0.933165454	2.741984646
gene989	0.000795679	3.488309336	0.222140546	3.61463918	2.882011059	3.317930625	3.98396037	0.021388899
gene990	2.603259579	3.012407769	2.600098447	3.165852462	2.710787703	2.745899894	3.64657743	2.166342674
gene991	2.762846284	3.298486765	2.863845306	2.480146185	2.561941946	2.618732001	2.149272374	2.384572067
gene992	3.270077375	3.561448342	1.937811403	2.58897722	2.500072875	2.740977196	2.986711276	2.099355806
gene993	2.500108577	2.075488135	1.988124767	2.359776965	1.814132012	2.41484182	2.775115878	1.996464676
gene994	2.56336561	3.049749245	2.40093407	3.009832647	2.458132608	2.668119125	2.741482087	2.681838279
gene995	2.703428548	2.940845175	2.099096547	3.47990311	2.104373565	2.506401371	2.367835114	2.338082064
gene996	2.555354811	2.218381311	2.662636193	0.298545711	3.024741645	2.5574395	2.776152428	2.605807208
gene997	2.81529465	2.217007314	2.811614882	2.453870473	2.742579724	2.260384026	3.138336112	2.039478844
gene998	2.491060358	2.459701771	2.364911356	2.34908781	2.566868721	2.725909079	2.77931646	2.831885346
gene999	2.59143049	2.303108551	2.895066031	1.722212438	2.057453738	3.508415975	3.430869995	2.037104551
gene1000	2.05916489	2.321324922	3.080892977	2.173894961	2.558892095	2.673612955	2.277038505	2.584161583
