0.491922601
0.505062516
0.370421901
0.728142044
0.184306024
0.118455365
0.000138468
0.620561092
0.001351651
0.418238056
0.436913181
0.551500007
0.032867249
0.959381882
0.179959831
0.666982251
0.000383018
0.176330218
0.022676408
0.499659826
0.051819848
0.075113665
0.943682401
0.983352642
0.00929638
0.184448089
0.255229533
0.188815583
0.848743906
0.293860569
0.555884467
0.011456927
0.008681699
0.068527993
0.043496655
0.405230517
0.961679271
0.147513653
0.056206897
0.741044175
0.648008537
0.5185166
0.099266127
0.00388951
0.212500359
0.479018372
0.750446359
0.909240169
0.318072107
0.030161068
0.545655367
0.024130147
0.116050745
0.79630713
0.005294972
0.01603607
0.001990818
0.72823529
0.56674247
0.692731928
0.347580537
0.000274176
0.003113555
0.877252918
0.903718467
0.582917738
0.523140563
0.811227203
0.983419158
0.374737935
0.16970824
0.182192623
0.005057438
0.060185591
0.02138744
0.079293156
0.003388412
8.61557E-05
0.767817365
0.166476434
0.162071844
0.297099884
0.088744244
0.432544419
0.203781927
0.94630829
0.005989458
0.290908155
0.036475115
0.006406372
0.179157063
0.115875489
0.814126977
0.729411231
0.384667034
0.952438354
0.024447027
0.79357882
0.808332953
0.521657876
0.13383451
0.146858878
0.28060157
0.109828229
0.016535626
0.283836562
0.080124391
0.02046301
0.122423169
0.160231758
0.016633355
0.269441939
0.178301584
0.625737219
0.220483277
0.020595345
0.847396617
0.130601012
0.255900888
0.163256563
0.028598554
0.30813633
0.894471621
0.495148607
0.815732567
0.024948257
0.940765911
0.05773788
0.006300842
0.079972388
0.015525438
0.551346086
0.498436349
0.720373754
0.825690359
0.129910536
0.523980746
0.298121727
0.162569894
0.000107294
0.044440327
0.165032889
0.90011896
0.047534569
0.048233084
0.000655982
0.459836791
0.385869974
0.819895774
0.578485471
0.596184399
0.052949373
0.252244656
0.736989348
0.782754798
1.11747E-06
0.754088923
0.509439429
0.001313794
0.424848307
0.2093724
0.041980034
0.054282833
0.073505916
0.759625962
0.020459405
0.20894399
0.021069732
0.616395024
0.002443369
0.873042909
0.033998606
0.054101868
0.33058447
0.708610019
0.166410645
0.296904861
0.043342768
0.03376056
0.461848075
0.029174098
0.614470731
0.895471107
0.024301371
0.094939221
0.028260148
0.150750363
0.021207569
0.739233781
0.113716902
0.032441563
0.277168215
0.897183999
0.105587601
0.170215904
0.027517354
0.06846264
0.082293064
0.812069224
0.668667419
